# elapsed_ns, one measured sample per line, ascending
25807173
25838943
25876463
25980204
25996614
26017884
26021344
26026814
26033014
26080814
26081964
26094105
26098244
26100574
26111645
26127194
26146494
26165345
26167865
26168355
26170715
26174235
26177235
26194935
26207095
26212625
26214465
26216755
26221945
26231435
26238665
26246626
26251615
26261695
26265776
26270765
26271395
26275796
26276836
26289865
26310796
26392876
26461766
26475887
26507477
27312491
27445832
27923574
28162706
28899950
28992390
29413302
32207988
32253659
32827352
33684606
35366265
36734583
46736308
53298405
