# elapsed_ns, one measured sample per line, ascending
2077252
2084891
2086551
2090271
2094921
2096681
2099082
2100551
2100841
2105541
2108571
2109031
2111532
2112402
2113711
2114261
2115301
2115412
2117051
2117101
2117871
2118261
2119651
2121701
2121701
2121981
2123341
2123652
2124051
2124541
2125611
2125872
2128211
2128991
2129351
2130512
2134361
2135002
2135071
2136422
2136692
2137382
2138261
2138731
2139082
2145231
2146141
2151061
2151332
2151382
2155541
2161381
2206182
2209762
2255932
2286043
2317753
4637125
5137507
7566160
