# elapsed_ns, one measured sample per line, ascending
26269580
26300840
26332660
26374410
26393151
26393411
26404551
26439281
26453591
26474171
26478651
26482331
26486511
26494101
26504471
26514431
26520592
26530291
26531221
26531541
26537942
26544192
26577981
26583991
26597931
26599331
26619552
26620192
26628551
26639292
26666592
26667822
26669412
26674022
26675312
26680593
26690282
26701492
26720952
26734223
26747222
26750693
26773783
26817043
26833013
26863553
26871944
26872793
26889123
27035334
27042824
27079784
27114384
27187975
27372336
27475956
36148583
37855471
45284581
50429279
