# elapsed_ns, one measured sample per line, ascending
25639916
25672186
25691446
25702317
25736807
25756157
25760037
25791577
25812798
25833997
25859178
25873138
25877118
25897138
25905118
25933948
25945168
25947278
25948148
25987968
25996038
26007069
26014979
26017909
26033028
26037488
26039889
26048089
26062969
26077318
26089618
26138950
26146689
26148079
26153319
26154729
26154919
26164359
26166859
26176989
26186449
26202570
26212539
26220470
26250150
26255839
26257729
26257750
26270380
26270970
26276210
26324920
26354860
26387741
26436921
26494601
26595362
26749012
27909569
28534762
