# elapsed_ns, one measured sample per line, ascending
11641472
11656682
11698563
11738952
11766103
11777213
11783023
11792082
11794973
11804172
11804643
11804763
11806903
11813553
11814583
11825543
11883633
11889694
11896423
11908803
11909774
11922094
11934353
11951144
11965324
11976204
11982394
12063184
12064014
12098334
12179275
17981376
23734646
23809457
23811856
23824837
23827887
23851247
23855397
23878507
23896577
23902417
23910287
23914908
23931318
23940237
23940968
23947238
23950367
24012067
24064068
24079098
24116948
29836419
32860345
35766630
35804500
35836091
35895991
35976462
