# elapsed_ns, one measured sample per line, ascending
25276255
25310975
25335745
25372825
25390375
25395695
25401285
25428386
25434245
25439085
25474606
25485905
25486795
25487106
25488116
25504226
25516125
25517136
25528446
25551346
25557406
25561446
25576406
25586266
25590206
25593776
25595276
25595387
25596606
25599806
25613576
25613907
25622936
25625177
25625317
25635427
25638996
25653036
25660677
25666726
25673907
25674927
25677637
25683016
25686057
25690426
25695556
25696177
25700347
25706817
25718987
25722086
25762767
25765847
25803897
25817857
25835887
25860738
25988608
26413891
