# elapsed_ns, one measured sample per line, ascending
25567682
25760092
25864763
25903493
25907683
25928124
26014024
26126334
26194955
26219955
26229105
26231565
26236466
26238626
26242816
26253695
26368476
26381566
26510616
26547827
26634587
27003799
27333252
27930624
29067011
30151127
30412088
31449404
32225318
32878012
33022013
33359174
34189069
34267409
35111014
35180134
35212515
35324645
35766188
35768488
36358561
36982575
37856500
38570884
41425559
42561315
42694506
44132484
44474616
44932688
45466562
45640813
46608038
48929210
49153322
51076013
55603567
66091675
103473702
127365674
