# elapsed_ns, one measured sample per line, ascending
10305884
10312205
10317435
10320024
10321485
10325255
10327425
10333925
10334025
10335925
10340035
10341695
10344825
10344935
10347435
10353375
10359685
10371755
10375265
10378285
10380425
10381995
10382425
10387676
10389016
10389046
10393925
10394625
10399746
10404316
10409366
10411565
10412165
10412346
10422435
10422796
10424166
10424436
10425595
10431716
10434316
10438685
10446896
10455186
10456646
10462996
10465426
10481506
10482986
10491486
10492516
10495015
10502886
10503125
10536606
10550346
10555196
10557536
10559916
10638996
