# elapsed_ns, one measured sample per line, ascending
2112721
2119691
2124601
2125822
2128231
2129171
2130612
2132041
2133641
2135122
2138771
2145682
2148952
2157982
2163291
2163742
5103908
5113338
5115748
5124237
5124528
5125397
5126847
5127298
5127628
5127968
5129897
5132627
5134107
5134887
5136777
5138368
5139588
5141628
5142327
5143018
5144977
5147427
5153507
5153667
5153747
5153808
5154868
5155707
5155767
5159618
5164387
5167478
5174518
5193368
5198198
5202488
5206158
5222228
5224097
5299908
6136713
6144563
9136309
11127719
