# elapsed_ns, one measured sample per line, ascending
10252624
10268375
10268595
10271125
10276084
10276355
10278305
10279124
10281575
10282955
10283545
10284695
10285594
10285905
10286895
10289425
10290424
10292615
10294055
10298625
10299895
10300735
10306164
10306275
10306555
10309675
10313975
10317815
10321935
10324895
10328855
10330005
10330055
10335405
10335905
10338365
10342995
10344355
10349485
10350625
10352645
10356435
10363695
10364955
10366105
10367495
10369515
10375855
10376865
10380115
10380336
10386496
10394055
10413315
10437925
10452825
10562247
10572336
10620106
10752677
