# elapsed_ns, one measured sample per line, ascending
24652951
24662031
24664611
24692481
24697371
24702152
24734212
24735112
24737171
24790212
24792972
24826992
24828242
24830572
24834142
24842972
24858752
24879692
24882302
24887602
24911473
24922962
24924183
24933963
24934933
24942553
24970722
24980343
24992633
24999303
25007183
25025474
25034983
25037063
25062164
25065723
25071023
25075734
25077094
25083033
25106773
25114214
25117213
25118024
25127054
25132634
25141444
25149613
25170433
25170964
25188974
25192264
25202414
25208024
25256095
25287514
25377085
25388685
25463876
25802148
