# elapsed_ns, one measured sample per line, ascending
2012431
2015871
2019911
2022050
2024351
2024591
2024741
2027691
2028141
2029260
2029940
2031180
2033441
2034591
2035471
2035931
2037151
2037321
2038000
2038931
2039281
2040621
2040790
2040911
2041781
2043851
2047271
2047391
2047691
2049331
2049401
2051051
2051511
2052581
2052991
2054771
2055180
2055611
2056501
2057701
2057921
2059281
2059711
2059831
2059971
2062431
2063350
2063881
2064011
2070011
2071291
2072021
2073511
2076442
2101991
2328022
5057147
5057436
5059567
5070267
