# elapsed_ns, one measured sample per line, ascending
25268065
25291695
25331285
25384316
25432115
25477415
25483896
25489886
25507256
25508635
25509976
25546096
25555916
25556656
25580316
25582876
25599407
25599767
25602776
25604787
25606396
25652436
25667887
25668057
25682927
25703787
25707887
25720237
25751957
25782267
25788157
25798147
25905347
25948418
25974068
26172340
26172919
26224590
27253275
28019919
28213890
28422741
29045364
29385866
29421517
30445452
30580063
30929915
31198886
31318846
32061471
33244077
33459648
33506209
34048632
34226533
34491443
34512113
34856336
34983206
