# elapsed_ns, one measured sample per line, ascending
20947631
21163092
21359434
21615745
23711366
23715726
23739367
23752896
23760716
23761357
23763796
23764296
23779797
23793816
23795266
23795667
23811537
23814517
23820357
23830197
23833697
23847017
23862017
23868297
23868597
23875027
23881647
23889227
23898617
23899248
23899967
23914487
23929537
23938477
23940007
23941447
23945008
23951247
23967068
23972208
23975578
23981128
24010138
24011158
24044968
24060429
24063048
24079068
24093848
24113258
24163188
24192309
24213989
24228159
26784563
26800903
26850972
26892834
27035814
28849463
