# elapsed_ns, one measured sample per line, ascending
12032674
12052384
12071635
12072835
12077044
12078375
12091004
12134565
12135015
12141035
12151445
12154115
12161055
12162415
12165235
12174415
12181835
12193485
12202465
12203645
12205365
12234375
12243866
12249025
12250545
12257865
12295636
12311975
12324705
12383756
12553287
12562907
12960149
13418011
13454511
13597052
14249476
14412357
14764268
14954410
15036420
15135381
15203861
15294071
15297472
16131675
16624449
17072561
17426263
18385278
22301789
24094528
24181108
24181268
24257719
24271869
24322489
24326649
27204884
27229895
