# elapsed_ns, one measured sample per line, ascending
10301144
10328585
10338515
10360085
10360225
10374905
10376365
10381206
10383735
10392615
10400245
10400246
10403865
10414116
10414135
10416366
10418655
10423246
10426656
10428395
10429025
10430446
10436026
10440296
10440925
10443856
10444396
10448766
10449575
10449595
10456076
10457126
10457635
10458035
10460606
10461126
10461695
10462546
10467856
10478106
10478225
10487106
10491976
10493885
10496416
10496516
10497096
10503306
10513856
10513936
10520296
10522376
10523826
10539146
10551016
10564616
10586466
10598616
10653247
10661457
