# elapsed_ns, one measured sample per line, ascending
10265395
10268274
10269594
10281055
10291685
10301735
10307535
10308865
10308975
10310905
10312045
10312964
10322585
10324175
10325454
10325905
10331355
10332655
10334565
10337745
10340745
10348185
10348505
10348855
10349655
10350085
10352245
10353135
10353365
10354685
10355115
10356365
10357115
10362615
10363346
10365095
10365245
10365675
10365805
10366955
10367776
10369675
10370125
10374015
10374825
10374835
10376165
10376315
10378515
10386246
10388386
10392986
10396205
10397375
10397956
10399375
10400095
10401785
10406345
10414285
