# elapsed_ns, one measured sample per line, ascending
2041921
2047641
2051211
2062091
2065161
2065761
2067891
2068981
2075401
2076001
2076681
2078941
2081741
2083811
2085741
2103781
2122402
2129862
4078302
4863456
5031946
5040707
5040847
5052017
5052037
5053387
5054987
5057397
5057457
5059637
5060357
5062487
5062827
5066137
5066177
5066217
5067877
5069057
5072257
5074027
5074497
5077887
5080967
5082897
5083767
5091508
5092057
5092147
5096947
5101787
5103067
5104697
5105657
5107257
5119708
5120097
5120968
5126187
6090223
6099233
