# elapsed_ns, one measured sample per line, ascending
21231193
23313964
24016508
24019057
24035768
24038218
24065018
24065368
24077129
24079138
24088388
24089408
24095208
24095948
24116958
24121109
24127829
24128639
24131168
24133218
24136169
24136948
24152948
24165839
24167538
24171259
24173409
24192909
24192999
24193659
24196429
24199699
24199949
24209069
24216609
24222099
24224109
24241299
24241819
24242189
24248259
24250349
24250929
24255140
24257699
24263379
24271929
24309369
24323109
24345780
24393960
27019484
27139905
27264015
27265245
27323135
27414836
27657048
30231091
30999745
