# elapsed_ns, one measured sample per line, ascending
24980219
25069609
25073718
25116249
25129729
25143919
25214900
25216260
25233190
25236280
25243139
25244190
25254650
25256300
25262660
25265250
25273190
25273250
25278340
25279610
25280640
25281550
25285340
25285470
25285910
25292360
25298300
25301190
25303260
25309020
25310650
25313870
25314950
25318860
25327500
25329670
25345430
25348471
25356020
25381171
25381881
25394380
25400251
25416871
25417000
25423191
25441991
25461981
25465831
25466920
25489821
25569672
25573911
25598672
25630502
25752082
25763602
25763872
26098334
26371056
