RSS0789	startup	559497	18960	869	0	0	0
ACK0789	startup	559497	18960	874	0
RSS0789	mapped	559497	18960	874	0	67108864	0
ACK0789	mapped	559497	18960	874	0
RSS0789	touched	559497	73192	19499	0	67108864	2058105
ACK0789	touched	559497	73192	19499	0
RSS0789	workers_joined	559497	73192	19499	0	67108864	2058105
ACK0789	workers_joined	559497	73192	19499	0
RSS0789	unmapped	559497	73192	19500	0	0	2058105
ACK0789	unmapped	559497	73192	19500	0
RSS0789	final	559497	73192	19500	0	0	2058105
ACK0789	final	559497	73192	19500	0
