RSS0789	startup	559504	18960	871	0	0	0
ACK0789	startup	559504	18960	876	0
RSS0789	mapped	559504	18960	876	0	4194304	0
ACK0789	mapped	559504	18960	876	0
RSS0789	touched	559504	18960	3020	0	4194304	126714
ACK0789	touched	559504	18960	3020	0
RSS0789	workers_joined	559504	18960	3020	0	4194304	126714
ACK0789	workers_joined	559504	18960	3020	0
RSS0789	unmapped	559504	18960	3021	0	0	126714
ACK0789	unmapped	559504	18960	3021	0
RSS0789	final	559504	18960	3021	0	0	126714
ACK0789	final	559504	18960	3021	0
