1 base 50 2643823872 885209655 doc-large 290726
1 base 1050 30966547998 8370707310 doc-large 288841
1 final 50 2680394120 917681907 doc-large 288616
1 final 1050 31001328423 8371306056 doc-large 283156
1 final 50 2680398618 919443279 doc-large 293481
1 final 1050 30988389611 8421019906 doc-large 293196
1 base 50 2644164587 883962266 doc-large 290426
1 base 1050 30966544233 8452447296 doc-large 287561
2 base 50 2644163012 889083194 doc-large 286306
2 base 1050 30973073233 8644171228 doc-large 318951
2 final 50 2680396791 916521095 doc-large 290351
2 final 1050 30988405223 8337349909 doc-large 289016
2 final 50 2681073727 925846627 doc-large 289311
2 final 1050 30988403182 8430778164 doc-large 295077
2 base 50 2644162956 909711882 doc-large 313132
2 base 1050 30966532742 8728565151 doc-large 312536
