1552338
1561038
1548118
1556848
1541088
1549878
1544738
1551568
1551838
1549488
1547918
1548578
1552348
1547528
1545468
1543158
1555448
1547048
1548258
1544578
1546548
1565028
1538558
1548918
1545357
1546329
1543377
1553158
1535988
1558438
1588599
1546418
1557978
1550648
1558548
1556018
1558328
1550928
1562838
1553318
1548568
1554738
1553278
1549698
1549938
1551048
1545278
1565498
1552948
1551628
1550598
1542438
1557188
1549528
1553108
1547758
1549808
1547088
1552838
1548368
1543648
1548928
1549458
1549768
1539588
1554988
1542078
1550198
1541128
1553338
1551338
1538558
1557328
1551638
1549838
1547308
1555028
1546238
1554448
1554578
1545548
1549348
1541188
1561168
1547338
1548308
1544168
1554968
1555758
1540578
1550508
1544078
1557418
1555018
1548578
1547167
1554409
1548697
1559729
1555928
1545208
1564178
1544898
1555508
1553728
1547478
1549588
1550798
1555658
1542978
1553198
1545478
1544908
1541898
1555998
1545208
1557758
1556318
1544608
1556928
1543248
1553208
1555248
1555698
1552778
1556858
1544628
1561188
1557728
1555018
1557808
1547718
1554878
1544768
1566778
1562028
1551938
1563888
1552788
1553238
1551798
1549868
1545768
1554008
1544798
1552888
1555048
1550038
1556788
1552328
1554808
1543138
1548858
1548678
1551298
1553428
1543298
1552368
1553718
1555568
1545518
1553238
1550278
1557588
1553038
1541738
1553018
1539888
1551488
1549498
1554338
1543148
1551108
1548338
1556248
1551228
1549528
1555728
1547878
1558858
1544398
1556548
1549128
1553488
1552698
1544078
1556888
1543048
1594998
1614238
1568869
1581528
1556608
1550248
1552328
1560228
1547988
1557528
1544508
1560588
1549308
1542958
1557728
1538978
1551518
1542118
1546338
1544828
1548338
1546918
1560068
1559928
1559808
1555968
1548078
1553558
1542498
1553148
1553218
1560388
1562578
1546128
1556648
1547138
1544608
1540658
1554528
1545978
1552368
1551738
1544188
1546378
1541698
1550378
1544438
1553058
1541768
1551138
1541478
1545858
1554078
1546738
1554238
1547868
1549348
1547928
1554238
1545188
1557628
1551228
1552418
1547458
1539237
1557219
1549487
1555659
1549498
1554738
1553248
1552008
1560168
1559368
1563838
1553038
1553948
1548238
1559348
1541668
1554658
1557838
1547868
1559648
1550028
1551188
1551718
1549288
1545848
1548798
1550548
1561968
1552008
1549228
1552508
1544218
1549618
1545038
1556958
1548098
1545348
1554208
1547638
1564448
1541748
1549578
1548218
1550478
1537988
1552568
1545718
1546098
1549248
1546378
1559938
1546718
1553558
1546018
1551378
1550948
1542328
1554198
1547088
1553038
1544548
1545418
1542438
1554678
1542487
1552148
1545618
1542348
1551458
1542638
1557158
1553988
1550498
1547748
1557228
1562258
1553838
1550378
1543277
1548628
1538128
1551788
1541338
1551718
1549118
1553058
1559678
1544608
1550638
1550678
1555668
1549368
1551028
1544088
1559108
1549958
1549378
1553008
1547328
1554748
1543458
1556748
1549728
1549928
1559718
1546348
1552778
1546618
1546668
1549528
1551178
1545188
1560938
1541698
1560208
1554958
1548328
1556288
1546108
1549518
1552908
1550418
1549038
1547988
1552548
1548018
1552528
1548208
1550488
1543888
1553858
1538648
1552508
1557228
1553678
1555758
1548348
1552228
1555488
1549478
1550808
1556308
1541668
1556788
1552008
1546118
1553328
1539888
1560338
1539298
1547778
1544278
1559878
1550288
1540628
1550208
1546848
1548028
1543758
1550788
1539958
1549858
1541068
1551058
1555418
1551438
1557438
1547498
1554858
1550358
1559948
1547178
1557148
1555498
1549588
1555418
1554378
1552768
1545338
1554358
1549198
1561818
1561778
1552308
1559428
1544728
1556918
1558388
1564998
1559129
1562808
1557208
1546888
1555758
1557118
1565948
1548138
1564928
1548568
1558458
1552988
1546848
1555508
1548908
1552618
1549598
1553318
1548608
1556958
1551228
1547498
1557608
1555988
1556018
1544408
1558728
1542488
1553118
1566568
1542378
1558418
1536448
1550808
1546328
1553208
1550108
1554468
1540458
1559308
1550898
1545718
1553098
1545968
1567278
1545768
1554388
1553718
1557208
1554768
1545248
1550068
1548698
1559548
1555108
1559738
1551588
1557318
1550988
