1558998
1556828
1554748
1558899
1556708
1556478
1547048
1551918
1547028
1553228
1543908
1559858
1626238
1560998
1559408
1541858
1556468
1543248
1550838
1549648
1553558
1561928
1548398
1555948
1553868
1559838
1550428
1554958
1543488
1558248
1551398
1557618
1553388
1555958
1560178
1542568
1558728
1549348
1555928
1573538
1563079
1557028
1552768
1564278
1552408
1560768
1566018
1558158
1555598
1553898
1558598
1580218
1577218
1545438
1567878
1556828
1549088
1560228
1548558
1556928
1547158
1559628
1550318
1555708
1555318
1547648
1557268
1558838
1551688
1545238
1551858
1545808
1556068
1554878
1550418
1559409
1545507
1553789
1553027
1554628
1551938
1559068
1550258
1560418
1560448
1553048
1556598
1551228
1559808
1541768
1557328
1552028
1539198
1555178
1543558
1557898
1546728
1558428
1555928
1554518
1556538
1551548
1579088
1560608
1552038
1552248
1565348
1559218
1563878
1559548
1545998
1563068
1554658
1565718
1557618
1556969
1552578
1554767
1555609
1549737
1559679
1557268
1565068
1558388
1577138
1551858
1551888
1556358
1545618
1558568
1544568
1557488
1563088
1581988
1568738
1546628
1552608
1555538
1554838
1549738
1561418
1546298
1560308
1556398
1552058
1553698
1549178
1551438
1541288
1554578
1551468
1549018
1559798
1547828
1553308
1550278
1556758
1555158
1550298
1601639
1587628
1562088
1557548
1563338
1554148
1562188
1550078
1555108
1559428
1549378
1561668
1556648
1557698
1554008
1559338
1556418
1554258
1561319
1557018
1557868
1547498
1552388
1544238
1561108
1541138
1552248
1544358
1553058
1558138
1543518
1557608
1550628
1552508
1549028
1554938
1547848
1561548
1557358
1552068
1557998
1546348
1558448
1546018
1554328
1550938
1551928
1564498
1548838
1566318
1560388
1558698
1547258
1557838
1553338
1558438
1559608
1552628
1555588
1543808
1559208
1545888
1553098
1556088
1548768
1555488
1550778
1554818
1548068
1554898
1551048
1551758
1547678
1557088
1555368
1551558
1561708
1543838
1562378
1552538
1560588
1562058
1561608
1558989
1546137
1552709
1555968
1553788
1552278
1557308
1549108
1576738
1556708
1554918
1551118
1549178
1559938
1547238
1551248
1549418
1551918
1559378
1550428
1556998
1554398
1553158
1554168
1551998
1544828
1555998
1550128
1545308
1553138
1568868
1555528
1538258
1555568
1548608
1557958
1560058
1545198
1553188
1550758
1557938
1549678
1550558
1550748
1552028
1557178
1549648
1554498
1551318
1564768
1551238
1553168
1557048
1561148
1560838
1549918
1552968
1552418
1552928
1543978
1551418
1545898
1561638
1549058
1556698
1554778
1551728
1561638
1545538
1552138
1553258
1551708
1554938
1555849
1556417
1556769
1558748
1550428
1551978
1546838
1562888
1547108
1564118
1556218
1544688
1558808
1542378
1555348
1549818
1550018
1545998
1556098
1552668
1550848
1551068
1547638
1549158
1546758
1557688
1543888
1552948
1551038
1544428
1556398
1543888
1551968
1546828
1562958
1551968
1552398
1542828
1557318
1547758
1548768
1553528
1545858
1559568
1543958
1552138
1547618
1554788
1555178
1540828
1558308
1544948
1550328
1549068
1549378
1547358
1559058
1551038
1550798
1554858
1537608
1553978
1541738
1556058
1549298
1553698
1549138
1550538
1557948
1552648
1559948
1557838
1554568
1545978
1565688
1549078
1559868
1549178
1551848
1560108
1552648
1556168
1550548
1553718
1557188
1561428
1556328
1551248
1557898
1574058
1555258
1548998
1560168
1549188
1561908
1559418
1553208
1563158
1556738
1554969
1552548
1558648
1560358
1550728
1559008
1557058
1554238
1559238
1559708
1551588
1565198
1558428
1553978
1561608
1549228
1563318
1550228
1556458
1554768
1557308
1569978
1550918
1560648
1557008
1559218
1556008
1560238
1550488
1568299
1560447
1549919
1557328
1547428
1559848
1550228
1553898
1552528
1553388
1562528
1543238
1557308
1560008
1557878
1549208
1556608
1547058
1559208
1559178
1553118
1555528
1546368
1559968
1542778
1556778
1713909
1548898
1566158
1553168
1558278
1558928
1560188
1566168
1548308
1557568
1556078
1562178
1556558
1553738
1548388
1559688
1555488
1558808
1563938
1551428
1606869
1550718
1559548
1557398
1552948
1559758
1549788
1554038
1563068
1554368
1562038
