1540698
1564258
1544458
1545758
1538358
1554418
1537938
1554088
1552428
1539678
1553438
1539088
1547148
1542838
1544438
1545898
1544398
1542028
1563558
1553888
1549758
1548088
1541008
1558128
1540388
1551128
1543898
1544068
1579408
1535238
1545288
1550548
1549198
1544618
1544238
1540858
1550688
1538948
1556268
1547518
1544988
1547058
1539147
1555279
1548197
1554809
1549487
1544097
1552118
1542188
1563819
1545937
1552039
1539097
1556368
1542058
1552348
1548408
1562248
1556938
1538988
1554718
1547038
1559078
1547368
1548738
1541268
1554988
1552948
1547408
1552058
1543338
1552298
1543318
1551258
1554468
1549518
1552168
1553408
1553318
1551258
1549668
1548898
1549938
1541138
1550808
1544078
1556268
1545298
1541968
1563508
1544268
1553358
1553608
1552848
1540348
1546458
1539428
1560818
1547628
1550418
1551108
1545568
1552708
1543538
1548348
1551978
1554178
1552568
1543678
1550308
1548288
1550808
1552978
1552998
1544248
1554878
1556138
1548018
1551738
1539438
1552468
1538458
1554668
1542458
1551388
1541418
1548648
1564358
1547928
1551228
1544448
1553278
1545918
1555838
1544838
1549698
1550088
1542238
1559608
1542318
1551718
1552668
1551128
1552788
1550028
1539398
1562488
1556188
1549198
1552878
1542478
1554998
1545278
1554598
1549028
1549718
1552968
1544158
1547278
1547118
1549438
1548228
1551518
1542388
1555478
1546638
1550658
1554128
1540328
1557758
1542598
1549738
1549338
1549718
1549918
1549838
1546998
1547248
1549578
1549888
1551688
1539738
1559978
1546618
1559788
1550528
1557178
1559868
1541698
1551728
1572648
1561118
1550258
1552408
1550798
1552668
1558018
1549598
1550248
1543008
1563698
1548778
1554568
1551088
1548238
1553408
1543698
1550388
1551788
1549668
1550498
1550418
1544338
1553558
1550938
1551078
1552118
1548738
1562668
1549148
1558758
1552408
1556028
1561958
1543908
1556498
1548038
1554648
1550108
1552458
1544428
1555128
1544878
1557998
1557288
1549448
1563378
1541098
1556068
1549908
1550608
1554678
1553218
1551228
1552338
1550878
1552978
1555328
1546928
1557188
1544888
1554778
1550598
1545438
1565598
1545168
1552218
1555888
1556608
1552648
1552698
1554078
1551798
1551108
1553778
1557438
1551328
1560038
1546178
1563339
1551437
1550329
1561147
1543508
1556337
1549998
1550708
1550557
1557349
1552297
1544229
1550007
1543038
1546238
1539858
1556328
1544368
1552938
1552808
1550438
1556748
1549768
1548698
1545018
1552758
1546618
1548488
1544668
1557578
1552898
1553698
1552138
1543758
1560918
1546978
1549158
1545638
1554338
1548258
1548048
1557648
1547548
1554558
1553658
1552358
1545968
1557238
1544688
1557068
1551888
1539368
1557048
1548628
1546348
1551458
1550018
1544288
1557508
1551438
1546978
1553698
1552728
1552288
1544608
1553648
1544898
1552348
1547698
1547428
1561558
1545968
1570858
1557489
1557427
1552769
1553448
1545587
1557589
1556187
1553449
1553028
1547508
1558408
1547948
1550838
1550338
1557638
1561418
1544978
1556568
1548478
1552018
1551138
1552268
1541138
1559288
1552508
1549328
1551238
1545508
1559578
1545888
1554038
1552788
1549928
1546108
1553948
1557848
1552888
1556678
1548088
1548598
1550128
1557758
1549068
1561088
1549958
1546058
1557448
1543018
1553508
1551278
1557068
1546078
1551318
1550808
1551688
1554478
1548558
1552668
1547888
1555598
1580418
1557028
1552378
1546548
1559308
1548838
1556288
1546218
1557958
1554608
1558958
1558838
1546628
1556358
1552158
1553368
1546258
1560448
1541728
1553588
1553338
1549298
1554388
1545238
1557428
1552158
1555358
1551078
1552318
1546738
1561018
1553918
1548358
1548798
1539538
1554488
1541388
1551208
1550378
1553068
1556408
1547718
1552658
1546498
1554488
1551578
1554118
1544648
1554988
1554938
1553188
1548108
1543038
1564128
1547048
1554958
1555248
1554918
1553818
1543488
1551838
1546958
1550618
1545558
1550938
1547038
1554258
1534628
1550968
1551708
1543278
1553068
1543068
1550278
1546828
1546238
1553588
1555598
1541158
1556708
1547348
1543198
1550888
1539538
1550838
1542698
1550558
1545638
1549428
1557058
1541868
1554158
1549738
1547208
1548598
1549048
1541138
