1548688
1535748
1543858
1540718
1542348
1536638
1550748
1536798
1553878
1547158
1540398
1545028
1532038
1548518
1542148
1544388
1541727
1547289
1541867
1545188
1550798
1541738
1549658
1544368
1549298
1532228
1547398
1535038
1545398
1542358
1545908
1551378
1539688
1546088
1551628
1545738
1541608
1549858
1538828
1554838
1534038
1548378
1546608
1542158
1553528
1537368
1547218
1543458
1548238
1551448
1541998
1541518
1550317
1548119
1544187
1542578
1537958
1550638
1535008
1545698
1549688
1545838
1545688
1535778
1549598
1541178
1540328
1548388
1550498
1538178
1554658
1536278
1543878
1551378
1542458
1555458
1538508
1543998
1544928
1548258
1540388
1543108
1534727
1552429
1538287
1553368
1545798
1534968
1555238
1545858
1562588
1548138
1552398
1552868
1551828
1546088
1548578
1550528
1552428
1552588
1541988
1548218
1541688
1548498
1547838
1554998
1563278
1549778
1556718
1554318
1556788
1551298
1554017
1551679
1553547
1551898
1555209
1562418
1546638
1559598
1544068
1552998
1547688
1552548
1557378
1547968
1548548
1548298
1554108
1549518
1549918
1545148
1562028
1552368
1548588
1547908
1541227
1554009
1537467
1545618
1553498
1552898
1553478
1556279
1547737
1549617
1550228
1548287
1550308
1546108
1555328
1548398
1557178
1553408
1548528
1565529
1549138
1557148
1557598
1560218
1553518
1577378
1574788
1564368
1562908
1549568
1551978
1548228
1562028
1551118
1552908
1562908
1549308
1564018
1548028
1560198
1550748
1556128
1579019
1553327
1550229
1545777
1553618
1551197
1550658
1546568
1557978
1556089
1557877
1567489
1560548
1570618
1561688
1561288
1560128
1557008
1559028
1542318
1554448
1557998
1560608
1559548
1565148
1548838
1563938
1563858
1550938
1557848
1546038
1555118
1545718
1556008
1553028
1554168
1556728
1547418
1559398
1554409
1561717
1554618
1553239
1546007
1582239
1578808
1556608
1548158
1546218
1559538
1547628
1553238
1558468
1550778
1563088
1547098
1556208
1548738
1561368
1551118
1551218
1542938
1562768
1561248
1555168
1557788
1545748
1559258
1547228
1558758
1554508
1554628
1556808
1548238
1559328
1552368
1557268
1553738
1559478
1549918
1558168
1554368
1553448
1553858
1546808
1560189
1549677
1556159
1554637
1556788
1562758
1549688
1556448
1555588
1559008
1554788
1562108
1561218
1556228
1555838
1551708
1559988
1547938
1559888
1550358
1557958
1559038
1548758
1561748
1554728
1557878
1551068
1562408
1552368
1553208
1558428
1558288
1559788
1551088
1558488
1543448
1557318
1548908
1559168
1560548
1549417
1562029
1550587
1567339
1558908
1559558
1554528
1560988
1562528
1556088
1559778
1552658
1556748
1551148
1556358
1555238
1562718
1562018
1551498
1565108
1547928
1562248
1553888
1554348
1551338
1556978
1556708
1557758
1559108
1552448
1558368
1545318
1560808
1552309
1556398
1555737
1543559
1566708
1543678
1556048
1551968
1552078
1551458
1559158
1558988
1555828
1558388
1549548
1551928
1545248
1560948
1550718
1560158
1569828
1551218
1559168
1543848
1554168
1547718
1557778
1550928
1553048
1554778
1551918
1581688
1552808
1554688
1545108
1557478
1545068
1556078
1551508
1545288
1561218
1548048
1556568
1553038
1559458
1554058
1557358
1556168
1557818
1556218
1559809
1553947
1550059
1561708
1542927
1563759
1551247
1545989
1557687
1550388
1555278
1555988
1564198
1559808
1553648
1555808
1559978
1558538
1549008
1555098
1551268
1556798
1548268
1557888
1553808
1547698
1559238
1546308
1552118
1554018
1554318
1553618
1553648
1550288
1545278
1550228
1552488
1558748
1547688
1558498
1546718
1562078
1558818
1550598
1569588
1554168
1559588
1551848
1556078
1548268
1551658
1569188
1555288
1553618
1553348
1551878
1545658
1561078
1546348
1554378
1552758
1545188
1560388
1544198
1556058
1553059
1556427
1550339
1555118
1556668
1555288
1557288
1549468
1551998
1544628
1560478
1550498
1559828
1558018
1550228
1581498
1546518
1556668
1552688
1566948
1553198
1556298
1553028
1548518
1560038
1556428
1562858
1542668
1582038
1551878
1560968
1555178
1548558
1561128
1546298
1555488
1562618
1554609
1550157
1551109
1547647
1546498
1549398
1549328
1553498
1545688
1562708
1545158
1559508
