1546308
1548358
1541658
1546948
1546538
1542768
1544308
1540938
1545388
1542478
1547248
1539848
1549948
1554418
1552778
1554728
1543178
1545738
1540308
1547168
1543688
1548718
1545628
1564938
1548828
1556118
1551038
1543108
1549228
1539638
1544998
1539867
1543968
1700049
1534378
1550298
1541868
1553518
1541728
1548378
1550518
1556198
1557988
1545798
1547158
1546318
1557318
1544938
1548068
1541538
1545378
1538818
1545008
1545248
1542878
1549318
1538658
1547608
1542288
1550018
1537938
1547937
1544649
1547767
1546689
1540347
1546828
1544868
1547848
1543548
1545628
1537798
1551128
1537608
1549388
1547248
1538118
1555888
1541358
1547808
1548198
1548438
1538858
1545618
1541518
1550368
1544408
1546818
1553578
1538158
1553068
1538708
1544788
1543758
1545138
1542818
1548048
1545858
1641518
1549648
1538988
1540908
1536168
1557948
1535528
1539698
1539948
1533218
1550958
1533337
1542268
1540538
1551528
1535928
1542798
1537948
1551318
1547758
1548158
1546328
1539908
1554788
1543118
1548678
1548318
1548638
1541348
1548838
1560298
1547838
1546748
1545008
1544348
1540508
1619278
1585898
1562568
1551469
1540007
1552908
1538508
1551588
1569338
1549688
1542838
1549408
1544158
1547638
1545348
1543088
1549418
1541858
1553348
1540318
1547728
1545188
1551598
1558318
1544158
1555408
1549738
1553588
1545628
1544308
1534358
1555018
1543118
1546048
1545658
1541078
1550358
1543378
1544718
1541748
1545438
1543468
1549278
1551178
1541558
1583548
1544858
1545378
1537118
1560828
1539168
1542588
1550628
1550268
1557148
1539008
1553588
1543468
1555448
1547808
1561648
1562488
1580018
1565528
1559418
1561068
1547468
1564288
1548068
1561688
1565318
1554138
1563628
1549578
1561988
1551608
1550818
1556968
1552238
1551298
1546718
1549628
1548818
1554748
1546378
1564868
1555218
1561739
1565578
1553278
1565178
1551378
1558748
1560308
1564158
1557918
1559168
1554188
1551118
1549078
1551978
1558158
1550578
1615778
1549998
1562618
1554758
1544618
1558108
1547558
1552808
1548398
1554508
1545538
1551788
1546108
1548348
1548748
1546288
1548098
1543398
1553518
1541918
1548208
1546748
1549098
1553148
1545288
1550318
1551818
1553318
1548618
1554218
1548948
1560768
1553538
1552738
1550468
1539808
1552428
1542508
1552198
1550328
1549938
1557418
1539948
1639569
1552178
1560068
1551128
1551928
1546678
1553558
1562568
1553358
1553468
1550278
1557668
1542038
1555588
1553258
1556198
1564728
1549548
1557238
1552178
1551498
1553198
1552118
1550948
1563218
1563808
1549018
1557778
1539128
1558568
1547688
1560828
1551798
1551848
1563648
1546578
1551588
1551988
1554468
1553478
1557398
1546238
1560268
1556348
1552828
1560208
1548548
1561308
1550628
1555798
1548918
1558448
1561098
1542478
1550908
1550188
1551068
1546568
1552868
1543588
1561328
1550568
1589299
1665968
1550218
1557588
1547408
1561118
1556878
1545188
1568058
1551818
1559978
1552728
1557878
1553438
1552949
1552507
1547859
1552877
1558809
1557108
1548948
1558868
1546008
1560898
1554328
1555538
1560338
1545668
1551118
1549208
1559008
1555168
1558148
1552898
1549558
1559008
1553378
1556748
1545188
1560728
1546508
1562748
1552518
1554238
1552578
1553188
1559178
1557348
1559148
1548288
1558878
1552918
1550418
1559548
1556678
1557138
1546718
1561318
1550138
1561288
1559658
1547398
1563778
1551148
1552978
1556148
1552639
1559217
1560239
1556368
1562768
1559068
1680048
1598769
1553498
1552818
1552338
1551748
1554828
1551358
1554638
1544668
1549008
1550368
1550948
1552268
1541748
1552648
1549978
1551068
1554698
1561008
1544928
1558108
1559238
1552158
1559748
1552328
1553468
1546748
1562428
1553948
1560018
1567508
1550388
1560838
1554498
1554888
1554608
1558208
1548808
1564998
1552068
1555818
1714059
1553348
1554538
1557328
1556478
1555168
1556548
1559308
1549368
1563268
1555638
1560308
1566678
1552578
1561018
1551879
1560478
1553918
1558488
1550028
1565608
1557488
1555448
1560158
1552598
1559968
1547758
1559578
1552908
1553578
1562748
1543758
1555878
1558628
1550408
1552618
1557508
1551628
1568588
1552498
1552018
1556698
1547138
1558858
