1614398
1565348
1550218
1550918
1557668
1551638
1552348
1550318
1550208
1548958
1812199
1544708
1554268
1550498
1547958
1545668
1564188
1546628
1553258
1550598
1541838
1554908
2019530
1569289
1549507
1547019
1561397
1543459
1553637
1552889
1535677
1553078
1540868
1549518
1543268
1547918
1548158
1552918
1541508
1595168
1549579
1544797
1548578
1536268
1555558
1536808
1549228
1546978
1548358
1555288
1541988
1547178
1545168
1545838
1548318
1547418
1540908
1557058
1541728
1641429
1549238
1540827
1551009
1537347
1543768
1546748
1549158
1545668
1540098
1550818
1545908
1547658
1553308
1548918
1539098
1554658
1559558
1553428
1544438
1538048
1930720
1547978
1544918
1550768
1544348
1568948
1541468
1547038
1546308
1546238
1548178
1533518
1545558
1919170
1543178
1555028
1550168
1549628
1547788
1541478
1546198
1548488
1538808
1550378
1846659
1548488
1546288
1544578
1555168
1553728
1552308
1551398
1542588
1560028
1545938
1547038
1551638
1553328
1556098
1540608
1552508
1547028
1552718
1546888
1550598
1541538
1553848
1553698
1546888
1545948
1537818
1565288
1543598
1550098
1548348
1559698
1549088
1547418
1552778
1549518
1552268
1549948
1548958
1539108
1555988
1542378
1560968
1552668
1540938
1549428
1542388
1549288
1551068
1546658
1548378
1555548
1540908
1555388
1548028
1551158
1546898
1538148
1558478
1544758
1549158
1541808
1546878
1544438
1552568
1549998
1559528
1551278
1549248
1551298
1540498
1557098
1550618
1555538
1550188
1540598
1552578
1542568
1553138
1544948
1546857
1545149
1554967
1555959
1549108
1553108
1544668
1551268
1545317
1556818
1540458
1549228
1543908
1551538
1551868
1537018
1549288
1552508
1552678
1550498
1547358
1540158
1556528
1542058
1560388
1547608
1541148
1555828
1536388
1549418
1542638
1549698
1550618
1549268
1547068
1545508
1545998
1539988
1546668
1536938
1548138
1537598
1544008
1544178
1555898
1554938
1539028
1556818
1549108
1546948
1548888
1544278
1543188
1558508
1548288
1552308
1553258
1544538
1547518
1544928
1552168
1543058
1550598
1539807
1559649
1550008
1546268
1544147
1545189
1552957
1539488
1552108
1546198
1546018
1552968
1554258
1552699
1542097
1551528
1876970
1549918
1560878
1548128
1551948
1549348
1547968
1543048
1553308
1535998
1557228
1548828
1541548
1547658
1538128
1614838
1537108
1543788
1544628
1554248
1556178
1538338
1551198
1546048
1547958
1542388
1549438
1545138
1548588
1550858
1549378
1548188
1543368
1556248
1545928
1549438
1548528
1551768
1552178
1546598
1547928
1548728
1547548
1546018
1552178
1547918
1554408
1539438
1556728
1550438
1537718
1554488
1545498
1550348
1547708
1549138
1537938
1547738
1536358
1554067
1553229
1550447
1550969
1547067
1558059
1541557
1544978
1548988
1552958
1549858
1546258
1554688
1559028
1557259
1555888
1555878
1545468
1563208
1549868
1556758
1548488
1544648
1557658
1542878
1550868
1548918
1548248
1545748
1550228
1554078
1550618
1552588
1548838
1553108
1545207
1555688
1547417
1547948
1563728
1545258
1553598
1540487
1555029
1550757
1556829
1552028
1559758
1554818
1563808
1555158
1550118
1559708
1547828
1564098
1546258
1560068
1553628
1554378
1567848
1544928
1556508
1551138
1552808
1546958
1554558
1542478
1560758
1558008
1545948
1552228
1545608
1560318
1547898
1551688
1553928
1553558
1557638
1547138
1552018
1550268
1550658
1552288
1554078
1549778
1557128
1555638
1552038
1559438
1551348
1562078
1549448
1560768
1548488
1552268
1561408
1541638
1554988
1544608
1556838
1548358
1558848
1540748
1560048
1546328
1550228
1552018
1552478
1560748
1555958
1558818
1550998
1553428
1559098
1545328
1553988
1550779
1553387
1548339
1555087
1554889
1560308
1544638
1563078
1551788
1538988
1569278
1542388
1553788
1561158
1553408
1552808
1555378
1556858
1551938
1557108
1555538
1556678
1548158
1561608
2330762
1583488
1556128
1570888
1560558
1554978
1568978
1551118
1554098
1557858
1558878
1554689
1575528
1557588
1556888
1554978
1556508
1554668
1549938
1559318
1549518
1566878
1555508
1542848
1563128
1547978
1554158
1880770
1556778
1562998
1550648
1553368
1558948
1557028
1557478
1549898
1561608
1554098
