1531478
1537758
1524318
1530508
1524538
1527047
1539458
1524058
1537598
1526708
1528368
1520838
1525818
1521857
1530138
1528518
1527908
1522858
1530878
1533478
1530768
1524368
1533737
1535778
1527258
1529518
1530698
1539208
1528778
1532888
1531178
1537748
1704898
1531458
1532198
1533378
1536648
1535978
1535098
1525688
1541358
1528428
1531878
1535227
1535618
1529968
1529428
1538098
1535028
1532358
1533998
1535918
1527018
1538928
1522177
1532608
1532968
1528688
1526988
1536598
1537408
1547858
1561108
1544908
1546538
1537088
1546218
1537948
1540398
1532537
1537648
1537978
1535858
1539638
1531998
1534938
1537178
1539498
1529668
1540298
1530308
1545498
1532137
1533478
1532218
1532748
1528028
1539428
1538718
1535408
1535108
1525358
1541808
1528597
1533328
1532258
1539258
1529778
1536828
1526158
1537808
1521518
1539088
1533528
1526497
1535708
1537558
1542788
1535258
1533748
1530148
1537138
1525068
1535018
1530608
1540648
1525567
1540248
1541938
1527798
1535498
1529668
1529138
1536108
1537928
1524058
1535878
1531857
1538808
1528968
1539718
1539108
1532158
1539408
1535048
1537438
1531038
1531908
1528267
1542368
1521338
1532048
1532688
1536898
1529718
1539818
1535318
1529868
1536308
1533108
1534157
1526058
1539918
1532168
1543758
1539168
1540658
1536278
1537088
1548938
1538568
1543108
1540168
1540758
1532958
1549958
1533498
1541027
1537788
1544628
1538028
1538958
1538658
1536278
1533868
1532228
1542748
1534868
1540608
1528748
1539907
1553299
1537747
1547318
1538688
1538048
1539558
1536238
1537708
1536288
1531768
1542028
1531518
1536338
1534578
1538228
1535328
1538397
1541798
1630379
1540598
1536048
1542678
1542798
1549748
1529627
1539988
1538168
1531208
1544078
1534248
1538678
1541348
1542378
1538838
1539088
1531708
1543748
1529128
1544388
1543177
1529367
1545668
1533008
1541488
1538648
1541508
1537328
1542378
1528388
1538398
1536438
1544078
1541978
1533638
1537207
1532838
1540508
1542968
1553658
1534518
1542298
1531108
1544598
1535818
1547438
1546928
1538638
1542328
1534288
1540068
1541858
1545218
1532607
1540678
1532088
1543638
1535018
1550988
1535858
1531938
1546188
1529978
1537528
1530888
1542718
1532928
1543908
1532027
1543338
1534338
1546778
1543168
1530508
1543628
1534458
1540358
1536978
1536908
1537348
1542608
1532838
1550698
1540448
1533488
1542057
1529518
1550768
1536928
1539698
1538088
1535778
1537648
1534578
1531578
1540278
1579908
1559738
1546598
1544298
1550998
1529778
1547118
1541658
1535978
1539388
1544578
1540158
1537307
1551049
1542987
1548528
1536118
1543298
1537508
1551138
1543728
1552448
1551218
1548918
1545858
1542918
1546398
1542928
1548078
1537688
1549068
1536998
1547768
1545978
1541288
1549938
1537698
1548918
1547788
1553908
1544188
1547298
1533678
1556188
1548048
1542818
1548318
1537987
1555149
1540617
1540278
1547028
1546848
1546258
1543478
1542638
1546378
1559238
1547098
1552488
1535888
1553668
1537618
1552568
1545288
1535258
1552518
1535738
1548908
1549468
1549338
1538098
1547268
1543278
1550928
1547308
1542958
1541728
1537898
1548688
1535558
1549618
1555828
1544428
1546127
1550808
1549897
1542638
1541178
1542558
1548908
1536938
1546988
1535648
1546528
1545858
1548508
1553878
1541728
1557898
1572428
1564028
1553278
1555888
1548508
1565818
1550788
1543528
1553278
1538438
1547808
1535578
1544488
1547768
1547558
1540798
1546248
1545038
1538638
1546978
1544848
1547468
1534538
1547358
1533198
1542808
1537868
1541818
1547188
1536607
1540548
1541448
1542588
1535868
1569848
1536468
1543528
1532258
1543018
1536558
1545098
1544448
1533668
1543498
1544768
1540638
1541258
1542548
1533298
1548308
1542047
1547819
1547507
1538658
1541548
1536478
1545798
1540498
1544928
1540818
1539458
1530718
1544248
1529718
1544938
1541608
1537468
1547538
1537008
1549418
1542307
1542908
1531968
1544868
1535578
1548638
1549768
1540008
1548098
1537748
1544428
1533148
1541638
1540148
1540158
1542678
1538578
1542988
1539838
1547758
1543908
1543457
1529528
1547168
1531208
1546128
1539958
1544948
1542848
1545928
1541648
1543868
1549248
1546198
