1528498
1543608
1524028
1537218
1982620
1527458
1543728
1528858
1539098
1542428
1538978
1536348
1541148
1536788
1528418
1578048
1537238
1532528
1715098
1549758
1538328
1526808
1565238
1536778
1535278
1525778
1533958
1533728
1531128
1523998
1527857
1848050
1529118
1526238
1524898
1533337
1527277
1535008
1525878
1533688
1528958
1537158
1540818
1523308
1530468
1531098
1529307
1526458
1543338
1528688
1540288
1524558
1531738
1538528
1535728
1541428
1525048
1531827
1532298
1529548
1532638
1538978
1531978
1536038
1525618
1531468
1528318
1537047
1529858
1532448
1535678
1532508
1536568
1534858
1533208
1541178
1537308
1536158
1548618
1537028
1542037
1541758
1533897
1552048
1556018
1551878
1539798
1544458
1534058
1555978
1542638
1541998
1542198
1542488
1549798
1533358
1532078
1531448
1537928
1539308
1534588
1529077
1539788
1533528
1547568
1542698
1544618
1547638
1536568
1544788
1553588
1558088
1550438
1551758
1543748
1550968
1544058
1560768
1543628
1538618
1553288
1538678
1552248
1545648
1549158
1546058
1546878
1547608
1547128
1541518
1543748
1547448
1845369
1547598
1548258
1538568
1541628
1531848
1545258
1530388
1547788
1550238
1551738
1553158
1539118
1553508
1553668
1545318
1548928
1552488
1541748
1557138
1539338
1561838
1551118
1540038
1559258
1543178
1549628
1554948
1549338
1553598
1570988
1544448
1544358
1564188
1555708
1546948
1548928
1558708
1542628
1556128
1550308
1535718
1552228
1540108
1551908
1548938
1550538
1791029
1550768
1558758
1549008
1557458
1554218
1545568
1544048
1547898
1550368
1541118
1543568
1531648
2873975
1680258
1598189
1557798
1576278
1553548
1558128
1560048
1552528
1547588
1554318
1540908
1557938
1549008
1551348
1541318
1539628
1552678
1536518
1540418
1537498
1547608
1542278
1542988
1535858
1547608
1543328
1541447
1543218
1541968
1559478
1534738
1542918
1543058
1556468
1536748
1545358
1543688
1543268
1550568
1541218
1545768
1530968
1544598
1531008
1544338
1548108
1549328
1550078
1539648
1544968
1544108
1547918
1550418
1542618
1533717
1560029
1558148
1548408
1544818
1534897
1576499
1539577
1555479
1541667
1549169
1541687
1542758
1535738
1542288
1546468
1546168
1547458
1544228
1558478
1537758
1544838
1542788
1539098
1542958
1526788
1541638
1539848
1542838
1536058
1559858
1529868
1547728
1526428
1539777
1532788
1545428
1547658
1527358
1534418
1536578
1541388
1536028
1547938
1528648
1537388
1526288
1532317
1534668
1539428
1539618
1532998
1538548
1534948
1541928
1540068
1539238
1537048
1551988
1535778
1536128
1539808
1540167
1544299
1529957
2488363
1541598
1539908
1537308
1541988
1544208
1536628
1521278
1535988
1530867
1542399
1529607
1541258
1545388
1524978
1540478
1532358
1529958
1528888
1532188
1524148
1540748
1536337
1529598
1528168
1536238
1552338
1534308
1537608
1534638
1552258
1545328
1535808
1533718
1554638
1540688
1549438
1543058
1531938
1548258
1529758
3012995
1590478
1965560
20063033
1782299
11317798
3041096
1780549
1736699
18835868
1996130
4927325
1799680
4889445
1736919
4839465
5253607
1786469
4867895
4883185
1799810
4917935
1772949
4952096
4925225
1842190
5227217
1808219
5806080
31014450
1937290
17046918
4204732
3109326
7994131
1856360
5006855
4919586
1808639
4991256
4928495
1846340
5023736
3457408
3811109
9955872
1934980
4896005
1754459
1673169
5945330
1807790
4897155
1729369
1686999
1650528
1621049
1601128
1596408
1589898
1576858
1578249
1573748
1574568
1562978
1563668
1556328
1572058
1550078
1554508
1545168
1535328
1548068
1540768
1542418
1538018
1545148
1556738
1535468
1537218
1544468
1555748
1541058
1554018
1532668
1546668
1532368
1543598
1553078
1538777
1555619
1529687
1531458
1537188
1535868
1547698
1541998
1539698
1543418
1531448
1546238
1540838
1534618
1542098
1544028
1540848
1538068
1533738
1548987
1552238
1534168
1547878
1544218
1537828
1547858
1535638
1539648
1532248
1537828
1541678
1538368
1533648
1541828
1527198
1539788
1546808
1550448
1544717
1539808
1557598
1537448
1537898
1539828
1538258
1541698
1540748
1548498
1539178
1540128
1536408
1543958
1538488
1552828
1538678
1546348
1568708
1558018
