109880
110170
111271
112801
112871
112921
112971
113190
113280
113530
113601
113630
113920
113931
114060
114121
114180
115200
115291
115301
115700
115840
115941
116161
116251
116350
116370
116410
116440
116470
116480
116581
116750
116850
116881
116890
117020
117061
117061
117191
117271
117330
117340
117371
117561
117610
117671
117701
117790
117911
118041
118121
118471
118600
118701
118821
119000
119050
119081
119271
119800
119881
120110
120601
121031
121141
121180
121860
122091
122250
122301
122320
122430
122691
122901
123221
123281
123640
123891
124091
124261
124331
124371
125071
125211
127020
127461
127511
128240
128371
128391
128691
129661
130220
130541
132530
135651
136120
137951
142471
