107931
108340
108461
108650
108701
109300
109340
109341
109461
109471
109690
109701
109750
109801
109890
109961
110161
110171
110241
110361
110391
110451
110490
110551
110811
110831
110860
110971
111120
111141
111160
111360
111480
111481
111590
111611
111750
111760
111821
111911
112150
112161
112290
112361
112381
112490
112730
112811
112841
112850
112851
112900
112981
113341
113411
113530
113601
113621
113650
113691
113841
114141
114390
114400
114411
114510
114710
114781
114990
115061
115291
115401
115481
115481
115571
115621
115811
116071
116081
116591
116600
116651
116711
116730
116790
116871
116931
117011
117091
117271
117830
118231
118631
120471
121340
121540
123641
124041
126511
128571
