113320
113631
114021
114140
114220
114541
115611
115631
115760
115850
116301
116321
116541
116731
116790
116800
116850
116851
117010
117031
117180
117201
117421
117490
117640
117761
117761
117770
117791
117811
117981
118031
118151
118260
118391
118481
118550
118591
118690
118690
118700
118740
118801
119070
119241
119391
119530
119580
119831
119861
119921
119930
120080
120110
120280
120300
120471
120531
120631
120650
120701
121271
121441
121641
121760
121771
121781
121831
121841
121960
122201
122391
122501
122671
122711
122861
123111
123131
123241
123440
123621
123750
124241
124381
125160
125451
125531
125641
126580
126731
126971
127781
129351
130021
130970
131311
131560
131630
132661
150900
