113030
114380
115791
116261
116331
116471
116481
116521
116581
116840
116970
117001
117120
117190
117301
117650
117920
118131
118201
118261
118310
118351
118431
118570
118590
118621
118701
119001
119181
119210
119391
119411
119481
119490
119601
119811
119851
119910
119921
120080
120181
120291
120340
120520
120540
120561
120731
120831
120880
120901
120931
121010
121010
121401
121431
121500
121541
121720
122000
122061
122071
122231
122241
122410
122760
122941
123271
123341
123431
123571
123601
123690
124130
124891
125061
125281
125321
125391
125531
125860
126040
126051
126080
126430
126861
128701
128711
129071
130420
130511
131230
131431
131581
133751
134241
134381
134901
135570
138441
155671
