# callgrind format
version: 1
creator: callgrind-3.26.0
pid: 1023617
cmd:  /home/zhuhe/code/litchi-target-0804/attribute-boundary-probe --leg after --case distinct-64 --mode consume --samples 1 --warmup 0 --iterations 1 --output /home/zhuhe/code/litchi/docs/performance/results/change-0804/profiles/1-distinct-64-consume-after.json
part: 1


desc: I1 cache: 
desc: D1 cache: 
desc: LL cache: 

desc: Timerange: Basic block 0 - 952582
desc: Trigger: --dump-after=attribute_boundary_probe::after_consume

positions: line
events: Ir Bc Bcm Bi Bim
summary: 90145 13245 502 1531 4


ob=(6) /home/zhuhe/code/litchi-target-0804/attribute-boundary-probe
fl=(250) /home/zhuhe/code/litchi/docs/performance/results/change-0804/probe-src/src/main.rs
fn=(1548) attribute_boundary_probe::after_consume
902 10
fi=(236) /rustc/59807616e1fa2540724bfbac14d7976d7e4a3860/library/core/src/cmp.rs
1916 1
fi=(254) /rustc/59807616e1fa2540724bfbac14d7976d7e4a3860/library/core/src/iter/range.rs
772 1 1
0 13
fi=(243) /rustc/59807616e1fa2540724bfbac14d7976d7e4a3860/library/std/src/sys/alloc/unix.rs
0 1
fi=(174) /rustc/59807616e1fa2540724bfbac14d7976d7e4a3860/library/core/src/num/uint_macros.rs
2533 3
fe=(250)
845 2
fi=(174)
2457 4
fi=(236)
1916 2
fi=(254)
772 1 1 1
0 2
fi=(174)
844 2
fi=(317) /home/zhuhe/code/litchi/docs/performance/results/change-0804/probe-src/src/candidate.rs
153 17
0 64
fi=(174)
2533 128
fe=(250)
822 64
fi=(174)
2533 128
fe=(250)
822 192
-5 128
+1 192
cfi=(317)
cfn=(1364) <attribute_boundary_probe::candidate::CheckedAttributes as core::iter::traits::iterator::Iterator>::next
calls=64 492 
* 87604 13006 483 1527 3
* 3
cfi=(317)
cfn=(1364)
calls=1 492 
* 278 41 4 4 1
* 452 129 1
+1 384
fi=(283) /rustc/59807616e1fa2540724bfbac14d7976d7e4a3860/library/core/src/hint.rs
491 192
fi=(310) /rustc/59807616e1fa2540724bfbac14d7976d7e4a3860/library/alloc/src/borrow.rs
350 64
fi=(323) /home/zhuhe/.cargo/registry/src/index.crates.io-1949cf8c6b5b557f/quick-xml-0.41.0/src/name.rs
207 64
fi=(233) /rustc/59807616e1fa2540724bfbac14d7976d7e4a3860/library/core/src/ptr/mod.rs
805 128 64 11
fe=(250)
0 1
fi=(252) /rustc/59807616e1fa2540724bfbac14d7976d7e4a3860/library/alloc/src/raw_vec/mod.rs
632 3 1
fi=(233)
805 5 2 2
0 1
fi=(283)
491 3
fe=(250)
914 8

fn=(864) attribute_boundary_probe::main
cfn=(1548)
calls=1 902 
1031 90145 13245 502 1531 4

fl=(296) /home/zhuhe/.cargo/registry/src/index.crates.io-1949cf8c6b5b557f/quick-xml-0.41.0/src/events/attributes.rs
fn=(1164) <quick_xml::events::attributes::Attributes as core::iter::traits::iterator::Iterator>::next
697 384
+1 256 0 0 64
cfn=(1166) quick_xml::events::attributes::IterState::next
calls=1801 1222 
* 10464 1924 62 64
* 320 128
+2 384
fi=(174)
923 448
fe=(296)
-50 192 0 0 64
fi=(174)
+50 448 192
fi=(276) /rustc/59807616e1fa2540724bfbac14d7976d7e4a3860/library/core/src/slice/index.rs
89 256
fe=(296)
700 320
+3 320

fn=(1176) quick_xml::events::attributes::IterState::check_for_duplicates
1135 448
+5 128 64
+13 192
+1 512

fn=(1166)
1222 448
+1 192
1055 192 0 0 64
0 64
1055 64
fi=(276)
568 128 64
fi=(180) /rustc/59807616e1fa2540724bfbac14d7976d7e4a3860/library/core/src/ptr/non_null.rs
1720 128
fi=(277) /rustc/59807616e1fa2540724bfbac14d7976d7e4a3860/library/core/src/slice/iter/macros.rs
180 64 64
fe=(296)
1224 64
fi=(276)
89 256
-89 64
fe=(296)
1229 128
fi=(297) /home/zhuhe/.cargo/registry/src/index.crates.io-1949cf8c6b5b557f/quick-xml-0.41.0/src/utils.rs
322 64 64
fe=(296)
1229 128
fi=(297)
322 64 64 3
0 128 64
fi=(180)
1720 192
fi=(277)
180 64 64
fe=(296)
1360 576
fi=(277)
180 512
0 64
fi=(180)
1720 64
fi=(277)
180 64 64
fi=(180)
1720 118
fi=(277)
180 118 118
fe=(296)
1242 728 182
0 792 364 54
1287 768
cfn=(1176)
calls=1792 1135 
* 1280 64
* 128 64
fi=(180)
1720 128
fi=(277)
180 64 64
0 128
fe=(296)
1298 128
fi=(297)
322 64 64
0 128 64 2
fe=(296)
0 192 64
fi=(277)
180 128
fi=(180)
1720 64
fi=(277)
180 64 64
fi=(180)
1720 118
fi=(277)
180 118 118
fi=(259) /rustc/59807616e1fa2540724bfbac14d7976d7e4a3860/library/core/src/iter/traits/iterator.rs
2469 182
fe=(296)
1342 182
fi=(180)
659 182
fi=(259)
2469 182 182 3
fe=(296)
0 192
1342 128 64
1212 128
0 320

fl=(311) /rustc/59807616e1fa2540724bfbac14d7976d7e4a3860/library/alloc/src/collections/btree/map.rs
fn=(1304) alloc::collections::btree::map::BTreeMap<K,V,A>::insert
1046 704
1504 192 64
0 126
fi=(313) /rustc/59807616e1fa2540724bfbac14d7976d7e4a3860/library/alloc/src/collections/btree/node.rs
641 315
396 126
fi=(312) /rustc/59807616e1fa2540724bfbac14d7976d7e4a3860/library/alloc/src/collections/btree/search.rs
225 189
0 63
fi=(180)
1720 63
fi=(277)
180 63 63
fi=(313)
396 104
fi=(312)
225 156
0 52
fi=(180)
1720 52
fi=(277)
180 52 52
fi=(180)
1720 485
fi=(277)
180 485 485 45
fi=(180)
659 547
fi=(312)
226 1094
fi=(264) /rustc/59807616e1fa2540724bfbac14d7976d7e4a3860/library/core/src/slice/cmp.rs
+91 2188
+8 547 0 0 547
cob=(2) /usr/lib/x86_64-linux-gnu/libc.so.6
cfi=(293) ./string/../sysdeps/x86_64/multiarch/memcmp-avx2-movbe.S
cfn=(1130) __memcmp_avx2_movbe
calls=10393 73 
* 11908 2188 46
* 547
+1 1094
fi=(236)
2011 2188
fi=(312)
226 2921 609 65
0 398
fi=(313)
731 106 53 5
fi=(312)
0 62
fi=(313)
731 124 62 16
0 52
fi=(233)
1717 52
fi=(312)
57 52
fi=(243)
-43 2 0 0 1
cob=(2)
cfi=(155) ./malloc/./malloc/malloc.c
cfn=(650) malloc
calls=19 3283 
* 30 6
fi=(245) /rustc/59807616e1fa2540724bfbac14d7976d7e4a3860/library/alloc/src/boxed.rs
581 2 1
fi=(233)
1917 1
fi=(263) /rustc/59807616e1fa2540724bfbac14d7976d7e4a3860/library/core/src/option.rs
1726 2
fi=(313)
671 2
fi=(315) /rustc/59807616e1fa2540724bfbac14d7976d7e4a3860/library/core/src/mem/maybe_uninit.rs
564 3
fi=(314) /rustc/59807616e1fa2540724bfbac14d7976d7e4a3860/library/alloc/src/collections/btree/map/entry.rs
422 1
fe=(311)
1057 8
fi=(314)
422 63
fe=(311)
1057 504
fi=(313)
-95 126 63 7
fi=(239) /rustc/59807616e1fa2540724bfbac14d7976d7e4a3860/library/core/src/ptr/mut_ptr.rs
-1 168
fi=(313)
1827 146 56
fi=(239)
961 68
fi=(313)
1828 68
fi=(233)
638 204 0 0 34
cob=(2)
cfi=(211) ./string/../sysdeps/x86_64/multiarch/memmove-vec-unaligned-erms.S
cfn=(728) __memcpy_avx_unaligned_erms
calls=646 255 
* 551 113 8
* 34
fi=(315)
-74 102
fi=(239)
961 170
fi=(233)
638 102 0 0 34
cob=(2)
cfi=(211)
cfn=(728)
calls=646 255 
* 411 75 4
* 68
fi=(313)
918 14 7 1
0 2
918 1
0 22
fi=(315)
564 66
0 22
fi=(313)
935 44
fi=(315)
564 22
fi=(313)
940 22
fi=(250)
0 22
fi=(315)
0 34
fi=(313)
935 68
fi=(315)
564 34
fi=(313)
940 34
fi=(250)
0 34
fi=(313)
917 16 11 2
0 6
917 1
+4 12
fi=(243)
14 8 0 0 4
cob=(2)
cfi=(155)
cfn=(650)
calls=76 3283 
* 120 24 2
* 6 0 0 3
cob=(2)
cfi=(155)
cfn=(650)
calls=57 3283 
* 90 18 1
fi=(245)
581 14 7
0 14
fi=(233)
1917 14
fi=(313)
290 7
1224 21
+1 14
fi=(174)
923 7 7
fi=(233)
1717 7
fi=(276)
266 14
fi=(233)
1717 28
fi=(313)
1231 7
fi=(276)
101 14
fi=(233)
547 28 0 0 7
cob=(2)
cfi=(211)
cfn=(728)
calls=133 255 
* 114 23 4
* 7
fi=(276)
101 14
fi=(313)
1236 7
fi=(233)
547 21 0 0 7
cob=(2)
cfi=(211)
cfn=(728)
calls=133 255 
* 84 14
* 7
fi=(313)
1239 7
970 21
290 7
fi=(239)
961 21
fi=(313)
1827 19 7 2
fi=(239)
961 10
fi=(313)
1828 15
fi=(233)
638 20 0 0 5
cob=(2)
cfi=(211)
cfn=(728)
calls=95 255 
* 68 13 4
* 5
fi=(315)
-74 10
fi=(239)
961 25
fi=(233)
638 10 0 0 5
cob=(2)
cfi=(211)
cfn=(728)
calls=95 255 
* 62 12
* 15
0 2
fi=(315)
564 4
fi=(313)
935 4
fi=(315)
564 2
fi=(313)
940 2
338 2
fi=(263)
745 4 2 1
fi=(313)
935 10
fi=(315)
564 5
fi=(313)
940 5
338 5
fi=(263)
745 10 5 1
0 30
fi=(313)
342 6
-52 30
1029 6 6 2
fi=(254)
0 2
fi=(243)
14 2 0 0 1
cob=(2)
cfi=(155)
cfn=(650)
calls=19 3283 
* 30 6
fi=(245)
581 2 1 1
fi=(313)
0 1
fi=(233)
1917 3
fi=(315)
564 1
fi=(313)
240 2
fi=(263)
1014 1 1
fi=(313)
575 1
fi=(315)
-11 2
fi=(233)
1917 2
fi=(313)
694 2 1
+5 2
fi=(315)
564 5
fi=(313)
+11 1
fi=(315)
-11 2
fi=(313)
1090 1
0 6
1005 6
1827 6
fi=(239)
961 18
fi=(313)
1827 12 6
0 2
fi=(239)
961 6
fi=(313)
1828 6
fi=(233)
638 10 0 0 2
cob=(2)
cfi=(211)
cfn=(728)
calls=38 255 
* 22 4
* 2
fi=(315)
-74 6
fi=(239)
961 16
fi=(233)
638 8 0 0 2
cob=(2)
cfi=(211)
cfn=(728)
calls=38 255 
* 26 6
* 4
fi=(315)
-74 4
fi=(239)
961 10
fi=(233)
638 4 0 0 2
cob=(2)
cfi=(211)
cfn=(728)
calls=38 255 
* 26 6
* 10
fi=(315)
-74 12
0 4
fi=(313)
1010 4
fi=(315)
564 4
fi=(313)
1011 4
fi=(236)
1916 4
fi=(254)
772 4 4
fi=(315)
0 2
fi=(313)
1010 2
fi=(315)
564 2
fi=(313)
1011 2
fi=(236)
1916 2
fi=(254)
772 38 8
0 6
772 18
fi=(233)
1717 6
fi=(313)
575 6
fi=(315)
-11 12
fi=(254)
772 18 6
fi=(233)
1717 2
fi=(313)
575 2
fi=(315)
-11 4
fi=(254)
772 24 8
fe=(311)

fl=(317)
fn=(1398) attribute_boundary_probe::candidate::CheckedAttributes::next_own
274 434
+1 124 62
0 186
276 186
0 62
326 124 62 2
447 64
fi=(174)
923 128 32 1
fi=(180)
1720 64
fi=(277)
180 32 32 3
fi=(174)
923 1
fe=(317)
357 60
fi=(174)
923 90 30
fi=(180)
1720 60
fi=(277)
180 30 30 8
fi=(174)
0 62
fi=(276)
89 93
fi=(277)
384 62
fe=(317)
580 31 31
fi=(277)
384 62
fe=(317)
580 31 31
0 62 31
fi=(277)
390 31
fi=(180)
1720 31
fi=(277)
180 31 31
0 60
fi=(276)
89 90
-89 30
fi=(277)
384 60
fe=(317)
580 30 30
fi=(277)
384 60
fe=(317)
580 30 30
0 60 30
fi=(277)
390 30
fi=(180)
1720 30
fi=(277)
180 30 30 2
fe=(317)
331 116
fi=(263)
745 244 61 12
fi=(233)
+60 2 1
0 6
805 5 1
cfn=(1342) core::ptr::drop_in_place<alloc::collections::btree::map::BTreeMap<attribute_boundary_probe::baseline::Name,usize>>
calls=10 * 
* 1409 353 11 9
fi=(243)
48 2 0 0 1
cob=(2)
cfi=(155)
cfn=(762) free
calls=10 3319 
* 33 6
* 6
fe=(317)
281 1
+2 5
+1 8
-1 305
+1 488
0 62
fi=(174)
927 93
fi=(277)
180 31 31
0 60
fi=(174)
927 90
fi=(277)
180 30 30
fi=(276)
0 186
fi=(180)
1720 62
fi=(277)
390 62
fi=(180)
1720 62
fi=(277)
180 62 62
384 279
fe=(317)
564 93 93
0 186 93
fi=(276)
219 186 31
fe=(317)
567 155 31
0 180
fi=(180)
1720 53
fi=(277)
390 53
fi=(180)
1720 53
fi=(277)
180 53 53
384 249
fe=(317)
564 83 83
0 166 83 4
fi=(276)
219 150 30
fe=(317)
567 150 30
fi=(276)
0 217
fi=(174)
923 31 31
fe=(317)
448 124 31
fi=(263)
745 62 31
0 155
fe=(317)
448 124
fi=(313)
-52 62
fi=(312)
225 93
0 31
fi=(180)
1720 31
fi=(277)
180 31 31
fi=(313)
396 62
fi=(312)
225 93
0 31
fi=(180)
1720 31
fi=(277)
180 31 31
fi=(180)
1720 278
fi=(277)
180 278 278 24
fi=(180)
659 309
fi=(312)
226 927
fi=(264)
+91 927
+8 618 0 0 309
cob=(2)
cfi=(293)
cfn=(1130)
calls=3090 73 
* 6726 1236 24
* 309
+1 618
fi=(236)
2011 1236
fi=(312)
226 1638 340 31
0 155
fi=(313)
731 62 31 4
fi=(312)
0 124
fi=(313)
731 62 31 4
0 31
fi=(233)
1717 31
fi=(312)
57 31
-57 62
fe=(317)
451 62
cfi=(296)
cfn=(1164)
calls=310 697 
* 6758 1116 31 93
fi=(263)
2766 124 31
+1 124
fe=(317)
452 124 31
fi=(250)
0 31
fi=(174)
2494 186
fe=(317)
456 31
cfi=(311)
cfn=(1304)
calls=310 1046 
* 17887 2304 104 373
0 31
fi=(174)
2494 62
2301 155
fe=(317)
457 93
0 62
462 31
0 180
fi=(174)
923 30 30
fe=(317)
360 90 30
+33 60
fi=(174)
923 30 30
fi=(180)
1720 30
fi=(277)
180 30 30
0 270
fi=(180)
1720 1050
fi=(277)
180 525 525 32
fi=(264)
20 1050 525 26
fi=(259)
2469 295
fi=(264)
154 1180 0 0 295
cob=(2)
cfi=(293)
cfn=(1130)
calls=2950 -81 
* 6490 1180
* 1180
fi=(259)
2945 295 295
fe=(317)
0 60
363 30
cfi=(296)
cfn=(1164)
calls=300 697 
* 6428 1038 26 90
+1 120 30
0 30
364 150 30 2
0 30
365 120
fi=(174)
2494 90
2301 180
fe=(317)
369 120 30 1
+1 87
+1 29
+1 29
+1 174
0 60
fi=(174)
923 2 1
fi=(311)
652 3
fi=(174)
923 1 1
0 8
fi=(180)
1720 1
fi=(277)
180 1 1
fi=(180)
1720 32
fi=(277)
180 32 32 1
0 32
fi=(180)
659 64
fe=(317)
436 64
fi=(174)
2494 64
fe=(317)
436 64
cfi=(311)
cfn=(1304)
calls=320 1046 
* 13700 1749 110 273
* 96
0 4
438 1
cfi=(311)
cfn=(1304)
calls=10 1046 
* 395 50 3 8
+1 5
fi=(243)
14 2 0 0 1
cob=(2)
cfi=(155)
cfn=(650)
calls=10 3283 
* 30 6
fi=(245)
248 3 1
0 1
289 5
fi=(243)
48 1 0 0 1
cob=(2)
cfi=(155)
cfn=(762)
calls=10 3319 
* 33 6 1
fe=(317)
344 8
0 1
fi=(277)
180 1 1
0 1
315 2
fe=(317)
580 1 1
fi=(277)
315 2
fe=(317)
580 1 1
0 2 1
fi=(180)
1720 3
fi=(277)
180 1 1
fe=(317)
0 1
377 2
-47 3 1

fn=(1364)
492 520
+1 195 65 2
0 130
493 195 0 0 65 4
166 1
fi=(310)
0 1
fi=(295) /home/zhuhe/.cargo/registry/src/index.crates.io-1949cf8c6b5b557f/quick-xml-0.41.0/src/events/mod.rs
218 1
fi=(276)
438 2 1
fe=(317)
166 1 1 1
+21 1
fi=(310)
0 1
fi=(295)
218 1
fi=(276)
438 3 1
0 2
fi=(180)
1720 2
fi=(277)
180 1 1
fi=(276)
-91 3
-89 1
fi=(277)
384 2
fe=(317)
580 1 1
fi=(277)
384 2
fe=(317)
580 1 1 1
0 2 1 1
fi=(277)
390 1
fi=(180)
1720 1
fi=(277)
180 1 1 1
fi=(180)
1720 2
fi=(277)
180 1 1
fi=(276)
-91 3
-89 1
fi=(277)
384 2
fe=(317)
580 1 1
fi=(277)
384 2
fe=(317)
580 1 1
0 2 1
fi=(277)
390 1
fi=(180)
1720 1
fi=(277)
180 1 1
0 1
fe=(317)
170 2
cfi=(296)
cfn=(1164)
calls=10 697 
* 202 30 3 3
+1 4 1
+1 1
fi=(310)
0 1
350 1
fi=(174)
2494 2
2301 1
fi=(310)
0 2
fi=(174)
2301 3
923 2 1
fi=(233)
805 2 1
fe=(317)
173 3
fi=(277)
+7 1 1
0 3
315 2
fe=(317)
580 1 1
fi=(277)
315 2
fe=(317)
580 1 1
0 2 1
fi=(180)
1720 2
fi=(277)
180 1 1
fi=(174)
927 3
fi=(277)
180 1 1
0 6
fi=(180)
1720 1
fi=(277)
390 1
fi=(180)
1720 1
fi=(277)
180 1 1
384 6
fe=(317)
564 2 2
0 9 2
fi=(174)
923 1 1
+4 1
fe=(317)
576 2
fi=(174)
923 3 1
+4 4
fi=(277)
180 1 1
0 6
fi=(180)
1720 1
fi=(277)
390 1
fi=(180)
1720 1
fi=(277)
180 1 1
384 6
fe=(317)
564 2 2
0 5 2
fi=(276)
219 5 1
fe=(317)
567 5 1
0 3
fi=(174)
923 1 1
+4 4
fe=(317)
186 2 1
0 1
fi=(264)
154 2 0 0 1
cob=(2)
cfi=(293)
cfn=(1130)
calls=10 -81 
* 22 4 2
* 1
fe=(317)
+36 1 1
0 1
196 2
cfi=(296)
cfn=(1164)
calls=10 697 
* 202 30 2 3
+1 4 1
+1 1
fi=(310)
0 1
350 1
fi=(174)
2494 2
2301 1
fi=(310)
0 2
fi=(174)
2301 3
923 2 1
fi=(233)
805 2 1
fe=(317)
199 3
0 6
510 8
0 6
510 8
fi=(277)
180 1 1
0 3
315 2
fe=(317)
580 1 1
fi=(277)
315 2
fe=(317)
580 1 1
0 2 1
fi=(180)
1720 2
fi=(277)
180 1 1
fe=(317)
504 12
cfn=(1378) attribute_boundary_probe::candidate::CheckedAttributes::next_short_two
calls=10 217 
* 778 127 7 6
+3 620
cfn=(1398)
calls=620 274 
* 84757 12743 467 1453

fn=(1378)
217 8
+5 1
fi=(310)
0 1
fi=(295)
218 1
fi=(276)
438 3 1
0 2
fi=(180)
1720 2
fi=(277)
180 1 1
fi=(276)
-91 3
-89 1
fi=(277)
384 2
fe=(317)
580 1 1
fi=(277)
384 2
fe=(317)
580 1 1
0 2 1
fi=(277)
390 1
fi=(180)
1720 1
fi=(277)
180 1 1 1
fi=(180)
1720 2
fi=(277)
180 1 1
fi=(276)
-91 3
-89 1
fi=(277)
384 2
fe=(317)
580 1 1
fi=(277)
384 2
fe=(317)
580 1 1
0 2 1
fi=(277)
390 1
fi=(180)
1720 1
fi=(277)
180 1 1
fi=(174)
927 3
fi=(277)
180 1 1
0 6
fi=(180)
1720 1
fi=(277)
390 1
fi=(180)
1720 1
fi=(277)
180 1 1
384 6
fe=(317)
564 2 2
0 9 2
fi=(174)
923 1 1
+4 2
fe=(317)
576 3
fi=(174)
923 4 1
fi=(180)
1720 2
fi=(277)
180 1 1
fi=(276)
-91 3
-89 1
fi=(277)
384 2
fe=(317)
580 1 1
fi=(277)
384 2
fe=(317)
580 1 1 1
0 2 1 1
fi=(277)
390 1
fi=(180)
1720 1
fi=(277)
180 1 1
fe=(317)
+87 8
fi=(174)
927 3
fi=(277)
180 1 1
fi=(174)
927 3
fi=(277)
180 1 1
fi=(276)
0 6
fi=(180)
1720 1
fi=(277)
390 1
fi=(180)
1720 1
fi=(277)
180 1 1
384 6
fe=(317)
564 2 2
0 9 2
fi=(174)
923 1 1
0 1
927 2
fe=(317)
576 2
fi=(174)
923 3 1
0 7
fi=(180)
1720 1
fi=(277)
390 1
fi=(180)
1720 1
fi=(277)
180 1 1
384 6
fe=(317)
564 2 2
0 4 2
fi=(276)
219 5 1
0 1
fe=(317)
567 6 1
0 2
fi=(276)
0 2
fi=(174)
923 1 1 1
fe=(317)
229 3 1
0 6
fi=(263)
1583 3 1
fi=(264)
154 5 0 0 1
cob=(2)
cfi=(293)
cfn=(1130)
calls=10 -81 
* 22 4 1
* 3
fi=(263)
1584 1 1
0 3
1583 3 1
fi=(264)
154 6 0 0 1
cob=(2)
cfi=(293)
cfn=(1130)
calls=10 -81 
* 22 4 1
* 2
fi=(263)
1584 1 1
0 2
fe=(317)
244 4
cfi=(296)
cfn=(1164)
calls=10 697 
* 202 30 0 3
+1 4 1
0 1
245 2 1
0 1
246 6
+1 1
fi=(310)
350 1
0 2
fi=(174)
2494 3
2301 5
fi=(310)
0 1
fi=(174)
923 3 1
fi=(310)
350 1
fi=(295)
218 1
fi=(276)
438 1
fi=(310)
-88 2 1
fi=(277)
180 1 1
0 1
315 2
fe=(317)
580 1 1
fi=(277)
315 2
fe=(317)
580 1 1
0 2 1
fi=(180)
1720 2
fi=(277)
180 1 1
fi=(276)
438 2 1
fi=(180)
1720 5
fi=(277)
180 1 1
fi=(276)
-91 2
-89 1
fi=(277)
384 2
fe=(317)
580 1 1
fi=(277)
384 2
fe=(317)
580 1 1
0 2 1
fi=(277)
390 1
fi=(180)
1720 1
fi=(277)
180 1 1
fi=(174)
927 3
fi=(277)
180 1 1
fi=(250)
0 6
fi=(180)
1720 1
fi=(277)
390 1
fi=(180)
1720 1
fi=(277)
180 1 1
384 6
fe=(317)
564 2 2
0 10 2
fi=(174)
923 1 1
+4 4
-4 3 1
0 1
fi=(180)
1720 2
fi=(277)
180 1 1
fi=(276)
-91 2
-89 1
fi=(277)
384 2
fe=(317)
580 1 1
fi=(277)
384 2
fe=(317)
580 1 1
0 2 1
fi=(277)
390 1
fi=(180)
1720 1
fi=(277)
180 1 1
fi=(174)
927 4
fi=(277)
180 1 1
0 6
fi=(180)
1720 1
fi=(277)
390 1
fi=(180)
1720 1
fi=(277)
180 1 1
384 6
fe=(317)
564 2 2
0 11 2
fi=(174)
923 1 1
0 1
fi=(243)
14 2 0 0 1
cob=(2)
cfi=(155)
cfn=(650)
calls=10 3283 
* 30 6 1
fi=(245)
248 2 1
fe=(317)
0 1
fi=(174)
927 2
fi=(276)
89 1
fi=(245)
289 68
fe=(317)
+27 2
fi=(233)
805 2 1
fe=(317)
254 4
0 1
256 8

fl=(172) /rustc/59807616e1fa2540724bfbac14d7976d7e4a3860/library/std/src/rt.rs
fn=(598) std::rt::lang_start_internal
fi=(324) /rustc/59807616e1fa2540724bfbac14d7976d7e4a3860/library/core/src/ops/function.rs
cfn=(860) std::rt::lang_start::{{closure}}
calls=0 206 
287 90145 13245 502 1531 4
fe=(172)

fn=(860)
cfi=(249) /rustc/59807616e1fa2540724bfbac14d7976d7e4a3860/library/std/src/sys/backtrace.rs
cfn=(862) std::sys::backtrace::__rust_begin_short_backtrace
calls=0 162 
206 90145 13245 502 1531 4

fl=(164) ???
fn=(564) (below main)
cob=(2)
cfi=(165) ./csu/../csu/libc-start.c
cfn=(566) __libc_start_main@@GLIBC_2.34
calls=0 242 
0 90145 13245 502 1531 4

fn=(596) main
cfi=(172)
cfn=(598)
calls=0 152 
0 90145 13245 502 1531 4

fl=(249)
fn=(862)
fi=(324)
cfi=(250)
cfn=(864)
calls=0 386 
250 90145 13245 502 1531 4
fe=(249)

fl=(233)
fn=(1342)
805 5
1717 1
fi=(311)
1884 2 1
fe=(233)
1717 2
fi=(311)
1933 2 1
0 4
fi=(313)
812 228
fi=(311)
1933 57 57 1
fi=(316) /rustc/59807616e1fa2540724bfbac14d7976d7e4a3860/library/alloc/src/collections/btree/navigate.rs
224 128 64 1
fi=(313)
+66 63
896 126 63 7
0 114
731 6 2
0 2
fi=(316)
225 1
fi=(313)
731 8 2
0 2
290 1
896 2 1
338 7
fi=(263)
745 14 7
fi=(313)
341 7
+1 7
fi=(243)
48 7 0 0 7
cob=(2)
cfi=(155)
cfn=(762)
calls=139 3319 
* 231 42
* 7
fi=(313)
896 14 7
731 128 64
fi=(276)
253 14
fi=(316)
634 21 7
0 14
722 7
fi=(313)
1115 7
731 21 7
fi=(316)
-97 28 7
fi=(313)
0 28
fi=(311)
1933 7 7
fi=(313)
338 1
fi=(263)
745 2 1
0 3
fi=(243)
48 2 0 0 1
cob=(2)
cfi=(155)
cfn=(762)
calls=21 3319 
* 33 6
fi=(313)
338 2
fi=(263)
745 3 1 1
fi=(243)
48 7 0 0 1
cob=(2)
cfi=(155)
cfn=(762)
calls=21 3319 
* 33 6 1
fe=(233)

ob=(2)
fl=(293)
fn=(1130)
73 1154
+7 1154
+1 1154 1154 1
+75 1088
+10 1088
+1 1088
+1 1088
+3 2176
401 1154
+1 1154 1154
+5 1154
+1 1154
+1 1154
+1 1154
+1 1154 1154 2
+3 1154
+1 1154
+1 1154
+1 1154
+3 1154
+1 1154 1154 71
+1 66
+1 132

fl=(165)
fn=(566)
cfi=(168) ./csu/../sysdeps/nptl/libc_start_call_main.h
cfn=(588) (below main)
calls=0 30 
360 90145 13245 502 1531 4

fl=(155)
fn=(650)
3283 11
1269 22 11
+19 11
3287 11
1288 33 11 1
3287 22 11 3
+2 33
+2 22 11
+2 66 11
3030 22 11
+4 44
+4 11
+1 11
3294 11

fn=(762)
3319 11
+3 22 11
+15 22 11
-4 33
+8 33 11
+6 33 11
+6 11
-3 22
+3 11
-3 11
+1 22 11
+2 33 11 2
3007 11
+8 11
-12 11
+4 33
+1 11
+7 11
3354 11

fl=(168)
fn=(588)
cob=(6)
cfi=(164)
cfn=(596)
calls=0 0 
59 90145 13245 502 1531 4

fl=(211)
fn=(728)
255 98
+1 98
+6 98
+1 98 98 11
+2 70
+1 70
+1 70 70 8
+3 51
+1 51
+1 51
+3 102
+30 28
+1 28 28 1
+2 13
+1 13 13
+33 15
+1 15
+1 15
+1 15
+2 15
+17 13
+1 13
+1 13
+1 13
+1 13
+7 19
+1 19
+1 19
+1 19
+1 19
+1 19
+1 38
+5 19
+1 19 19
+5 19
+1 19 19
+2 19
+1 19
+1 19 19

ob=(1) /usr/lib/x86_64-linux-gnu/ld-linux-x86-64.so.2
fl=(1) ???
fn=(0) 0x0000000000023cc0
cob=(6)
cfi=(164)
cfn=(564)
calls=0 0 
0 90145 13245 502 1531 4

totals: 90145 13245 502 1531 4
