RSS0789	startup	574158	3416	1124	0	0	0
ACK0789	startup	574158	3416	1127	0
RSS0789	mapped	574158	3416	1127	0	67108864	0
ACK0789	mapped	574158	3416	1127	0
RSS0789	touched	574158	67016	17522	0	67108864	2058105
ACK0789	touched	574158	67016	17522	0
RSS0789	workers_joined	574158	67016	17522	0	67108864	2058105
ACK0789	workers_joined	574158	67016	17522	0
RSS0789	unmapped	574158	67016	17522	0	0	2058105
ACK0789	unmapped	574158	67016	17522	0
RSS0789	final	574158	67016	17522	0	0	2058105
ACK0789	final	574158	67016	17522	0
