628263
612733
604253
610113
603983
617253
625514
601363
611193
604093
611413
609063
604853
606213
604703
599113
605253
597573
605013
614723
599063
607613
623264
605093
604843
604973
604753
601233
609143
636523
600853
636773
607893
613074
616203
608173
614433
1001745
623343
608133
614203
606173
614713
612583
606583
607193
604944
610173
615083
607853
642143
621963
606333
612663
599963
608003
608544
607263
613033
628843
614813
615403
605543
611773
607903
639774
610173
604173
612093
612223
608013
605943
597583
606623
607383
600773
609253
606833
608603
608344
600563
606863
603323
612753
605413
599863
606933
600243
606783
607133
608283
611573
604953
612833
610233
601633
611153
619204
604703
618143
607433
613133
609333
606843
612673
608263
617603
616254
608523
616113
616363
622453
622753
610923
615783
612093
607623
610384
605812
614644
606713
597553
604683
602713
607373
608163
599393
606983
600093
611843
605503
598203
604963
600763
609103
606333
607644
612843
614323
606443
639373
604663
617323
616883
608253
616254
603723
610813
608823
607983
611423
601793
608363
604193
594753
603673
603043
609473
605043
598753
605123
603413
603273
607353
598903
604564
605333
597663
606513
604383
608013
604333
600603
610963
603663
614943
607603
600863
609593
601263
606793
608473
601514
605553
596123
606243
613243
602513
604983
599133
631643
608163
598233
606663
595903
611863
604753
604333
618073
621264
606643
609763
610373
604163
608233
600593
609383
597303
610223
604313
595793
604373
595023
602893
606723
630494
605933
596733
604063
604683
596973
606243
603613
610143
608853
597573
605313
595243
608533
606243
595733
606553
605243
596533
605123
602943
604673
603534
594963
607073
595373
605933
1318846
667624
633963
615513
617403
617923
618843
621504
608293
615853
597503
612773
634863
602253
3740259
760174
698313
667034
658353
649013
646353
3732409
743574
691244
676033
687063
645814
640193
638873
631293
635764
622763
633973
625843
614363
620663
619574
608843
611623
612753
614833
621753
608203
613633
601503
613103
607913
600183
605743
609063
602273
608274
607613
609623
608513
603933
610713
603533
616063
609973
602453
611923
603223
611063
607194
606153
609753
596383
605853
605273
596803
606003
600473
604843
603063
600023
603363
602713
612613
609913
596983
606133
606873
602843
610033
608734
993135
630153
640363
607453
613553
638883
674014
611773
605323
613723
637163
610893
618203
598864
608923
608793
628673
611823
606283
626273
611823
624983
612814
614683
611893
616673
604293
609083
605233
599523
635923
615353
615643
616533
605214
612603
606803
607773
635073
597243
604063
604533
597523
1167566
648833
628003
613214
617473
608033
647163
608053
600213
607623
607353
602193
613153
606193
610344
606393
597693
604983
624293
612193
635933
601163
610283
600933
609463
606283
603323
601843
595923
603403
604884
593763
601193
601323
604313
603383
596143
603813
594063
619303
697023
595383
604304
600623
594863
602593
603093
602373
602613
595133
602883
596313
612243
608783
600133
605553
598573
604173
612373
604613
604263
598363
607843
605983
598113
604873
602144
604963
610983
600593
606903
606353
606243
608223
602803
608693
606523
597253
606313
603163
619803
612974
603153
615523
602723
615343
615763
606353
617103
604653
611183
605903
602973
606833
604554
612893
616573
602023
607293
613653
602853
611083
601383
604903
611093
605183
600253
593533
605083
605693
598343
604773
605363
604774
602843
595463
601613
596273
612753
605583
604263
613083
603243
610873
607783
604773
604663
597083
606523
604233
596853
603453
602714
603122
604323
596763
603034
595443
607663
602493
594963
601833
594553
604983
607983
600473
602653
594763
602483
602553
595153
604743
612973
598763
607143
597023
606083
603263
600363
603494
596313
603383
604523
597063
607273
603103
603793
603843
595043
601523
594773
602663
610793
598943
610903
600453
610333
605583
601373
604733
624623
607844
604463
597123
606073
606523
608143
607113
596823
603993
596353
610523
606403
597863
606093
599453
607833
611473
605543
606984
595893
604883
604923
598993
609433
616073
600463
635543
598123
604713
604983
606373
610013
600883
610653
608623
599983
603854
607033
607173
615483
603953
610033
598363
609873
603703
596133
607953
600523
605743
603123
599043
603483
595523
603893
603094
602313
607223
621263
601933
606583
622363
605743
606943
605723
607993
597573
603883
607593
598283
607073
608793
611774
614413
604363
611213
599373
613883
604433
595913
602483
597703
605073
603423
601933
603593
595503
603633
603463
595433
601723
599683
631194
606993
595613
600593
601563
598943
606403
599793
613473
608653
598583
839474
612823
600173
3636619
653313
638023
624113
609493
7135247
745533
684384
669173
642713
3741279
739354
678503
665704
650903
637113
633513
3711949
735324
707843
664724
638653
642283
3719039
756574
685963
669894
651803
634933
642114
628233
3790569
710313
675024
646023
642123
634563
623744
3727008
742834
675714
660163
644723
626563
2065061
685203
681224
629663
3738509
719533
678704
2757724
695223
703044
645303
641373
3703789
754984
703743
678524
655283
645153
636044
622903
627373
623093
618803
615793
608603
614993
615274
602043
3747778
784804
721484
699624
680373
665373
642974
633863
627963
1713589
666263
636763
644113
3713049
742284
675863
665474
649003
636723
641654
635333
633303
632243
616473
622403
619084
614653
617253
604693
3764049
711913
675744
650523
645743
646443
625504
631483
615533
619973
619413
615493
614523
605294
611263
613473
631193
612703
619453
606063
607433
602323
610083
638614
604953
605933
598833
607483
619333
596893
605223
606683
608443
609583
600273
610403
599383
612663
612393
605123
614443
616343
608223
615003
609803
611783
613923
604823
637193
602774
618773
611343
629823
613193
611883
602073
609353
612803
614893
614684
604833
615833
602853
617773
609323
602823
606433
599523
606153
606553
604543
609553
597833
607133
606313
598083
605703
608824
599553
612663
607223
617343
619713
612393
610923
603253
610193
615903
604043
612964
608463
611533
610023
602283
609083
599693
613423
607843
605893
615573
617283
609914
615703
610893
613173
613993
604163
611823
602003
616383
609603
633613
617093
641254
602743
613733
609823
610433
612223
604553
610823
605423
618923
612754
607883
614513
609113
615803
612553
607923
609033
611003
600763
606963
599453
605143
612994
597453
603763
598883
607363
607043
605163
606723
598673
605983
606403
598773
604043
605993
607373
610723
603163
611833
601953
617924
613073
604453
612053
604173
610633
612993
631953
607893
608703
601723
609583
599884
612153
609003
601443
612373
603953
613203
607673
607583
614653
606863
615643
613563
606243
616524
636033
613313
618183
606393
611233
612283
627583
698164
616513
608693
614033
603283
616103
611853
602794
608893
597273
607053
607383
607293
608453
601813
608473
609513
627883
606803
610343
599303
607424
601892
610934
613543
610103
610713
628833
610193
613583
605713
612683
604233
605563
605953
603584
611953
608223
622903
641873
607533
614353
622373
612434
622493
617053
620903
621003
612683
617623
613453
613003
612214
607533
616023
616443
608753
613833
616043
614173
615173
604533
610603
600413
614164
608363
601543
607753
608073
602063
608413
633953
607723
605173
601643
608423
607683
642314
611563
598553
606463
596023
605903
612193
610883
616733
615943
636454
614463
605063
620283
620333
613123
624523
610173
616083
621323
620474
624273
619633
611763
615603
609943
620563
622443
612664
620003
612813
621103
617943
613563
615543
614363
606983
610143
599444
612673
610813
630603
636553
607593
616053
618603
619064
619993
620123
612993
619793
614793
626653
621723
612633
622554
622563
615573
621833
611553
608283
607723
603493
611783
605303
618714
611963
600873
604573
599963
607443
611813
610053
616973
616583
609923
614893
609253
616154
623483
607553
616513
608973
617423
617213
614523
618084
610543
617663
617553
610483
621173
628543
620013
626013
615273
623254
621643
618863
626703
621913
614803
624303
612484
624773
648833
615143
623303
621323
610244
614283
613973
612863
608543
598393
605873
600633
615173
607683
599943
607503
603673
613623
618964
614843
613733
606963
603613
606673
601843
610103
646423
608273
616803
604733
615444
616383
617493
618423
610123
615323
614293
600643
605543
612043
626344
608663
601663
612073
617373
614273
616183
607333
614053
614563
604313
608084
604473
606553
635693
600723
608443
607153
602143
605703
598443
605033
606803
598003
609013
605233
607333
610743
600844
606513
596633
610593
607093
598713
617333
599823
607783
604183
604743
607623
600703
609453
615053
602253
608034
614253
605413
614353
602163
607603
606863
604653
611723
605973
615033
612243
603043
608363
605743
607874
607823
600233
609303
596863
612223
607803
601323
608983
603133
611493
606653
605443
607173
615333
605174
608913
602723
608983
614683
600813
607853
625153
604973
605853
605173
607843
600643
607473
607684
598563
605423
601063
606623
637703
601153
607163
595913
608763
603553
595733
606033
608383
597693
607853
601563
604573
608533
597353
604574
595373
605453
611473
596703
606293
595873
602433
602723
601123
606763
598063
607623
605563
598083
605223
604673
607483
605393
596913
606473
594983
635324
604013
598733
605203
597473
606783
605663
602623
602913
599453
607363
604713
597703
607013
603483
631753
605783
597734
605773
606983
606323
609363
603603
612523
608853
599893
606753
602653
601643
605283
599313
604863
599373
609973
636914
598983
606463
599993
607963
605963
607203
608563
600383
614033
608853
598923
608253
612933
600103
606233
596213
605504
604673
612323
606413
604503
610343
612863
604343
610763
634383
606883
610023
596974
602873
595913
611113
603283
595883
605423
597993
604923
607033
605873
607453
596533
605543
603873
597933
605183
600873
604933
606693
599113
608133
606513
607254
605263
595543
603393
605393
598123
605383
603263
608843
606733
597853
606453
596323
605163
675504
618803
618433
603173
608913
608613
604543
607203
606093
598103
631713
600393
606483
610483
597933
609264
599673
606333
605513
600733
609193
598613
605223
603253
598273
605093
603223
602383
604113
595233
600863
593413
606133
603793
594753
600253
596053
605003
607764
607113
612573
606423
615043
614013
601573
607623
600363
604473
605453
599703
610323
602193
616453
611783
603924
610433
609983
600093
610613
612723
616323
619033
611313
612583
607253
621134
608353
598473
607593
596003
606333
603733
601283
602313
599403
606763
614023
600483
610493
614653
599273
603613
594693
601903
606783
603353
631304
594523
605103
608403
600583
639323
604303
604763
603273
626323
609073
595523
611904
603593
601263
608733
600063
603313
602493
602283
603623
606543
601293
611783
603233
611293
616023
601383
609034
597013
600393
602683
600553
602203
596923
605373
605543
595563
602023
598753
603543
600603
593283
603123
594133
606903
604683
595303
604633
601253
609983
611293
606873
603933
601403
610934
607183
600323
605833
602353
606333
609923
603333
607503
598693
609813
602823
592693
600973
594103
606873
606033
602643
607923
598643
605263
631184
595603
602233
607373
593923
602313
593623
599573
629613
598693
602113
595163
607773
608233
597263
604913
601613
604393
608573
599803
610504
596353
608433
598573
595343
605613
598463
604493
607233
601993
634003
603153
612003
610653
599613
603013
599713
600783
606073
597163
605644
594193
606923
605013
599723
609773
615573
606733
615623
607203
607853
607023
598363
601383
597643
635444
603263
594263
605533
599013
606693
607113
601383
604013
598233
605623
605483
598283
604583
602773
603883
606113
600943
607933
597103
611843
631294
594093
604013
597393
633123
607793
610843
614633
617393
606863
612273
603353
617444
611763
606883
612673
598383
605043
605583
604213
609163
603633
611563
606573
599673
606483
601893
606753
610293
596993
603654
606333
605123
605113
598993
609143
612213
603483
616843
612103
613033
611543
604343
608014
600333
611933
609653
601413
610923
601513
609463
609673
608523
609673
602783
608333
607223
598973
607023
615184
603493
613743
606703
613713
611023
607963
607553
601223
608343
605933
599993
610473
605363
605673
608594
599163
607863
604603
620943
616613
611203
616153
619293
608833
613713
605833
606044
605853
598743
606143
598503
609323
603783
595393
607203
601393
610043
608473
604463
607623
602683
609253
610803
604573
612863
605974
609013
611603
602533
610383
614523
610923
611523
600743
608593
605253
599333
604313
606543
608764
613003
605523
609993
598533
611033
600483
623443
605543
597493
604353
601963
607713
602523
592413
600653
602693
597233
604013
604903
609684
614613
600323
608023
596393
609053
602593
597833
608353
636483
598403
607183
602313
603263
603523
593483
602653
595603
601114
611313
596333
606163
596353
601923
601033
600003
601433
594993
603863
604683
596893
609473
605933
608573
604133
597513
603173
593953
606103
603713
596013
603753
608393
602433
601434
600423
601763
592913
600853
603003
597523
606873
607163
610483
613743
602923
606503
600483
612593
606203
597783
604093
598543
604884
603243
600713
603723
634233
600213
607613
599573
607033
613393
600403
607613
598063
605293
609503
606243
611393
598273
605324
599883
592443
600473
598813
600643
602133
593633
602793
593553
607343
605703
601533
610523
603923
608843
603533
602513
601963
595173
603213
603383
595633
603783
600973
604134
603243
597152
607364
597493
610583
603793
597473
603113
597213
606513
611393
651723
664634
611403
602733
610413
603043
613883
605543
599543
608663
601553
609083
612483
612373
614694
614823
604343
625703
598803
604053
612363
599793
606703
599133
605123
604683
602023
600573
597523
605593
628943
621924
602913
600743
603193
603023
594043
604103
595283
612343
608513
600143
606083
601343
609413
613383
611733
612104
615403
607843
615303
604533
618493
610983
603653
615313
605053
611923
607433
605384
605933
597923
634263
606473
597033
606813
602973
604783
606113
597753
606233
594523
610543
602483
593863
601693
600953
594403
601993
600063
600783
592233
599303
605863
595814
605423
635403
595073
605783
599073
605123
610043
610923
616163
603873
609933
606673
598183
605493
608153
612804
616263
636413
614933
610443
610223
