630404
613803
607243
612553
616243
607793
621123
612023
616623
611673
630104
609263
602633
616073
612643
603253
611273
603423
611503
615863
609843
614214
611543
605703
622253
608843
623843
615923
608563
616253
610453
620014
616513
613163
616663
616493
609733
645983
612413
627573
620834
619003
626873
622943
609463
616603
610043
614443
618264
610453
640623
608233
628203
616233
637083
624884
622863
612163
619503
614993
616173
620543
617414
620703
614743
616213
616893
607683
617523
615843
610153
619814
619733
618253
616463
607253
612823
604933
648373
615353
606653
616054
613793
605203
615763
614613
623043
627463
621433
654904
634523
626223
625543
617473
628324
627333
619723
662093
626513
618343
627434
616363
621273
618243
616203
618973
620233
609573
616654
608093
620633
610813
603893
610963
603593
612683
613593
607793
611453
612583
603553
608824
602963
611853
619483
602323
609303
627003
609513
609373
604633
611983
603723
612244
611793
603903
610553
641013
628673
612823
602553
611813
607883
629634
608483
603363
610943
611033
602013
610383
647673
603873
608653
601143
609683
610374
611133
609783
603423
614883
609643
627943
606823
603953
612333
609523
602213
609464
602843
613463
609743
627703
609713
609383
599713
610193
604963
609993
609403
600814
638273
602263
641983
611523
601103
609383
600753
610263
612323
605813
609863
609714
604093
636923
627123
613783
621093
604333
616263
607733
614074
608993
604913
609133
611133
603603
609083
602043
612903
616833
631553
611104
601183
609263
610693
606783
609163
603213
611573
609233
605483
615513
619213
608773
613453
608054
613163
613653
611093
612003
605583
615633
615273
606473
615133
607493
609123
609394
630473
609663
607253
604753
606513
626283
608003
635113
599794
609573
606063
610133
611573
601093
607423
601043
611083
606203
601583
610093
605793
610633
607413
606073
608893
610384
601883
615163
599553
608483
610873
600873
608453
602513
607013
605893
604083
609353
602783
609603
608514
599923
607323
609763
612063
610153
600503
608003
633803
605223
611833
603663
609423
608094
601523
610183
607113
612743
610703
601093
609223
599903
613693
608923
602353
610223
600613
609793
610493
607134
609983
600823
631573
634233
602093
610173
614713
604513
609753
602163
609114
611203
605703
607273
601303
610603
609883
602653
610233
604363
608653
610353
603473
608323
601213
613753
611294
602253
609233
610543
602283
607543
604703
607783
608953
600953
609743
600413
612053
639454
601883
606973
601213
609713
609103
606873
610443
603323
609673
608773
601653
608933
616053
626404
609593
602773
608483
608433
604543
609283
603573
610533
635843
626893
609983
604124
608023
609233
601113
609053
612483
605643
608383
605953
616273
612673
602903
609513
605023
610394
612083
602903
609373
628643
640273
609353
602863
610663
608244
601463
635543
604903
637043
638183
601713
608463
598393
614233
614393
603044
610663
608223
602663
614243
605863
609073
609023
602733
611133
614253
614493
610403
603844
609353
601223
609353
607083
605883
608843
603483
611113
635503
602563
610413
611824
601253
608073
601073
608543
609443
606353
612943
601793
608923
610403
602243
613403
633193
610673
615214
604763
606583
599813
611473
609193
602473
611093
608473
600163
610153
606443
610003
606193
602003
608254
601923
612463
607273
599973
608523
602393
609713
609863
631813
610743
600813
608503
634764
603083
635723
616533
600683
606183
600283
609733
611353
606063
609063
599563
608113
610764
603113
609553
605603
610403
609373
601823
610633
604223
613883
608863
600943
609973
636554
603233
608293
605403
609973
609953
601353
607203
601553
640383
609133
600323
609173
602223
610654
609873
605213
609833
610563
602113
607083
601953
609963
614033
604443
608443
599983
608563
610344
606093
608103
601613
609403
609833
602073
609593
609823
613043
612753
603543
608873
601383
615424
607633
600723
608423
609843
601603
610273
606713
610413
609153
601813
605823
601033
615743
613443
602293
635904
602003
611383
610323
606343
608563
602673
611763
611853
601763
607803
645134
603073
611073
602173
608593
609793
605413
610493
600413
609413
608943
601653
608793
607243
611633
610163
605504
640263
613433
610363
610753
602153
631463
608183
600393
610173
606324
611023
611203
601103
606633
601903
612143
608983
603103
609243
602653
611653
610683
603083
607974
611483
603333
610763
602003
607933
615233
600573
608513
603563
610653
608723
634553
634154
628303
609353
607013
601243
611093
614713
623663
636523
600954
609973
635243
631033
610033
602513
638863
610443
600483
609924
611633
600843
607203
601023
635143
609983
604343
610163
597973
607873
606593
600923
608554
608873
611623
608183
599693
609233
600343
611923
608313
628343
610043
610093
601343
608433
606923
610244
611393
604493
607523
602323
617213
608743
601533
607303
601393
610843
609383
605453
608663
603223
608874
607503
602393
609823
614493
601883
608213
601673
609583
609233
603743
609103
600163
609543
609203
602233
607443
630234
638163
609403
604943
634043
608973
609273
610383
603924
610833
608393
600073
611683
636563
610143
611203
601223
611283
626154
615863
610263
599993
611093
638583
602863
607853
606443
610373
609743
627213
608814
600943
612723
608383
600093
607853
602573
608483
607403
604883
606863
601863
609883
633663
601064
607393
614503
600373
611243
602653
612383
611693
608053
605843
602073
611193
611773
601513
610424
606173
608783
607973
601533
608823
602853
612323
610793
627383
609153
609533
601303
609133
606143
607234
634643
600993
609333
601063
612133
609793
601633
607213
600463
610623
613313
610383
610564
603433
613233
611513
603653
611323
615943
603943
636643
602553
611513
608204
608173
612103
603713
608703
607833
602383
610683
607443
609933
609993
603183
609873
610083
604123
611883
602834
610223
608473
601533
612143
608783
613253
613483
604823
636043
602473
617354
609743
603313
611603
638543
602783
608923
606333
637543
611334
604593
611423
605123
614923
610353
603273
612173
629913
611593
610503
607143
612133
610914
604953
611293
601813
613583
610583
604153
610663
604663
611423
605833
605593
609063
600213
609793
609044
603153
610393
607183
609363
609353
601423
635463
609093
606593
609173
600043
608513
608403
601673
610194
606963
610873
609263
602393
608373
603113
614923
609073
601813
610993
603303
612093
608734
606703
637603
610753
602443
611723
602703
614233
612323
603143
609893
601063
609764
612923
632093
635403
602603
610413
610653
604613
610773
616193
602393
610723
603534
613663
624863
634593
614113
604493
609973
610293
629364
611103
615223
603283
609403
604173
609323
610053
605723
610843
600943
636173
608964
601803
610713
608133
612503
610493
601043
634203
640413
607363
610914
603853
609973
609483
603753
610823
608713
611373
610913
601413
609463
604233
614873
612703
603633
608184
601413
608823
607963
605783
608533
609193
600973
608223
601993
611843
612243
627643
609284
601563
608343
612073
607103
612363
601873
607903
610003
602603
609393
606093
612673
608973
601963
608663
610164
612543
608753
599973
607633
609043
601723
610203
606303
609943
610133
602313
610453
602573
618094
614063
603513
611393
601283
611853
609133
611333
609813
611763
605693
613063
602653
611994
614513
603953
610753
604093
612183
611873
608073
610673
602733
612143
610353
603503
611573
612704
612713
613543
603093
611433
610783
607103
610763
606173
640563
611144
602203
611243
607343
610603
614793
604713
613363
606213
617543
611153
602943
611283
610364
603253
613933
610613
612163
611463
604103
611333
604213
615793
611343
602843
611333
603843
613414
609653
606403
610103
609893
606153
613233
603053
612153
618443
603613
610083
603353
610004
611273
633143
611573
604333
610453
613033
603423
611013
615173
607133
612624
602953
612453
610203
607353
609713
601883
610253
611523
602663
609453
606903
610973
610483
602113
609974
604203
615073
612863
600943
610873
604003
612593
613303
608483
610023
636924
603743
611713
601923
611593
610643
602163
610343
604773
611473
610603
604903
609233
601263
608723
607513
603863
608434
613463
601823
607183
602523
614843
635583
604163
609223
601543
609373
609733
602374
608803
606763
610213
637553
603183
608723
599803
614723
610633
602663
635894
612333
600963
610283
604613
609873
607793
601263
634953
600743
614283
608983
601013
610683
601553
609944
607863
631243
637573
608963
602083
608623
600633
610103
609083
600884
606263
600793
608453
607993
605313
609503
601813
610163
608483
601603
607623
604183
608013
609293
601113
608414
609783
605303
609413
602473
609723
609253
628173
607823
605123
610363
610463
600683
607863
600593
614134
611593
601423
634993
603603
611303
609133
606203
610433
609493
601933
610553
602513
611264
615843
626753
609513
601633
609543
611073
609693
637173
631104
600763
610773
603923
612183
616233
624663
611183
604303
616103
609963
606843
610934
602473
610283
634603
599513
609203
614813
603253
611573
604903
611193
611673
603954
609463
603553
611043
611143
628673
609733
606073
610673
610473
600413
608153
601383
614454
613393
600333
609223
609863
602083
608693
604023
609023
609403
602523
607573
602693
614123
610723
600523
608444
602443
609233
606263
604193
609443
629773
614223
608643
599353
607093
605073
608883
609104
600433
633113
609133
607143
611793
601613
608073
609643
604063
610233
608163
608283
608743
602023
609844
601263
614093
613103
601633
609523
600793
610143
608733
606203
612753
610773
627884
609703
601343
614433
639093
628453
609753
598703
607773
611383
608014
609533
607073
600693
610853
603353
609903
640943
602023
608893
627493
609383
610043
605634
608743
602523
611493
611493
604293
614673
604423
610903
611403
604123
638114
611293
606513
611613
603133
610753
609563
608323
610343
606913
612123
610223
602653
610434
605633
618463
612203
602323
609423
610883
601403
611393
606373
635523
611243
602063
608333
602004
618013
611513
601773
635253
603013
610453
610313
609343
610333
612323
602014
609733
601933
610253
621513
601233
638473
601143
611393
635683
609954
614473
602483
614313
611523
603143
611743
615953
603693
611603
602933
610873
638224
608023
611303
602023
611323
609883
603443
611293
609643
638563
609733
602473
609094
615623
607683
611583
603083
608983
607043
599513
608553
608513
610193
609833
601813
608583
603164
618563
609303
626823
610033
637243
624953
606903
605814
635043
608903
601783
609283
599923
611003
607943
600613
607193
601003
607173
608203
633923
636964
637303
603933
611683
601453
617953
611173
602213
609663
601623
609184
605703
605753
635363
607253
602193
609763
601613
609123
611963
601323
606163
626854
610113
609363
606643
635423
599973
635273
609113
600063
607333
615593
602053
607453
601994
609483
634843
607583
608663
600153
608573
607993
601803
609603
604813
633524
608893
601693
608343
601273
611893
611143
603073
608323
606523
601723
609483
610223
613093
612084
602462
610444
601173
614333
612853
600823
609513
601223
610013
609873
608513
611563
627893
637284
607063
603703
609533
644673
604303
608513
601593
608233
607863
604713
611444
602443
611863
635583
602283
610963
613673
602423
609843
630043
610074
610533
607703
610873
600893
610233
611463
602293
610533
607523
610653
609683
601653
610273
601443
615624
610403
603243
635323
610133
601703
610943
609423
611873
609903
602503
611653
630014
614883
637373
628493
609353
610383
601313
608893
633014
610663
608623
603423
610143
602113
616953
612413
602193
610753
600383
609073
612263
607823
609674
609083
602733
611303
605173
609553
616253
602113
608623
602633
635043
611543
633294
610383
600563
608293
607813
600953
609043
614663
601353
607773
601783
611623
608903
606104
608643
602043
607813
610813
601813
607713
605143
608523
608443
599663
608073
600723
615793
611233
600903
609563
600344
608033
606443
603683
607333
599223
609953
607163
598893
606343
611883
599863
610393
600293
609173
607163
604533
608424
599643
613803
608063
600813
635663
604623
609803
610563
600313
606773
601013
611943
607993
599233
607764
601243
611093
608163
602503
608463
608653
602243
606213
600943
607373
701664
600973
606653
599243
609793
607913
606053
608393
601493
609553
609033
627873
606954
615503
600983
609673
601573
607943
609833
604393
610493
602643
608293
613593
608313
616863
614513
618774
616483
607013
613073
611533
606983
638243
604253
611633
611544
603763
609493
612423
611023
610713
602663
608713
601443
616043
611273
629203
609774
610323
601463
608173
604753
610533
613393
602243
609533
603133
614513
610723
601843
609043
601193
610903
610554
609143
612633
601893
609803
609033
600823
610533
615653
604383
608223
603703
610673
608803
607364
613243
604263
611393
609153
603973
610983
608063
608363
610673
605843
611063
630613
615344
609943
602303
608413
611613
603473
608653
605083
611253
609393
601973
610933
600723
616644
638923
603283
609263
602213
610033
610803
606263
611313
600093
609523
610913
601983
612324
615743
603793
611283
601553
635163
610003
611013
607043
602223
612083
611033
601863
610054
607883
609233
608623
601953
611613
608863
609673
610483
604313
636043
609773
601144
611273
607933
612803
611373
602403
610403
601043
616663
611863
604183
612033
604573
612464
609423
608493
608743
611243
605403
613403
603423
618633
609003
601223
608623
602073
611803
610933
610624
611773
603253
611363
612873
603003
610843
616333
604423
609603
601873
636844
608653
606393
608193
602873
609983
610123
606013
609993
609343
609343
637414
603453
612843
609453
608313
608143
605073
639923
609883
602063
609493
608783
610443
611104
603443
609993
602663
614823
613033
631483
609803
612253
604983
611083
605704
609493
609113
605663
613273
603643
617863
613373
604993
610773
603123
610563
610253
607374
612293
603973
609623
609693
603633
612913
616173
605193
610773
603873
609783
611873
610503
612644
604863
614413
614073
603563
608573
607413
611253
610253
605893
639923
643184
611493
609583
602833
614773
611533
604123
639673
610044
611583
612173
602623
612813
612763
609823
609083
602723
610683
610733
605483
611753
608633
612514
612733
601333
608943
601683
613473
609723
602783
613533
603943
612003
610193
634584
610843
613733
603833
608613
602253
644503
611223
603483
611973
605513
612564
612143
607903
