612343
604633
590443
600133
591643
610933
603813
593503
600494
589442
597414
594753
592603
593713
589362
599244
597383
638593
601203
600903
606083
602463
594503
597443
594383
610283
603133
594653
603473
587743
593643
596343
593863
593423
587863
592663
594923
586023
593423
591243
594043
595243
585543
593503
589023
601063
610933
594093
603453
594263
608573
601513
599793
603923
614413
599313
599843
589553
599253
598143
605224
624203
592833
599543
591703
601293
603893
590003
600293
592583
603503
601593
600723
604073
596673
605043
602223
594513
598403
599213
601873
602913
593153
600843
592573
602853
604463
591663
602703
588593
601643
598593
599073
600443
590933
599953
598403
588983
600253
622853
600533
602944
595533
600923
592483
596153
626133
588723
595053
588133
598413
590083
603983
595113
593663
607013
595673
604253
605223
602193
603443
606923
596523
596693
587773
595943
595923
597183
596203
586293
631573
590443
604273
600523
589443
600353
588433
595053
593693
593633
595293
586613
596493
597823
587533
595863
594393
596003
592283
586753
597483
587513
603433
598273
590883
601863
588613
594443
599603
594753
595843
588303
598483
596543
588483
593093
593023
595983
589163
598323
598373
589083
594483
591733
619103
597793
588763
597313
588323
602013
595353
586833
597823
588223
596093
598343
597223
601193
611074
595433
598313
586553
595963
593203
597553
600113
591253
601133
593083
604683
593903
588033
595583
588013
595333
595743
596623
595913
587993
597423
596333
587263
595053
594903
596913
594613
602493
596693
590433
596913
596243
598703
599453
589783
596813
589583
606563
598763
589643
599953
588323
597053
601133
600783
603813
592523
599763
598163
589583
596223
594063
596303
598783
590343
601053
588383
595933
602363
587913
596973
591443
599393
597753
618123
596683
588783
596863
595373
586733
596483
593753
595663
588063
589193
596073
587103
595203
592703
619613
595213
589253
597333
586593
596193
596213
587343
594833
587233
595023
594133
592023
596143
589023
594683
595323
586303
594363
592923
597223
597363
590363
597613
589933
597653
604013
591153
601213
589223
597223
586973
599423
595243
589013
600493
587093
593403
595213
593983
596253
586033
595093
594443
587293
594313
594323
598343
602013
591483
600873
593993
604623
599193
593903
606703
596943
604393
604013
601633
604123
595593
603663
601183
591133
601273
598363
600554
602993
593083
601573
590173
599973
598863
589903
600243
594253
600453
599773
595663
595453
587003
597143
595393
587043
594603
593153
597323
587003
595443
595313
586233
618503
591173
594963
596293
586023
592673
591293
605453
601633
588673
593503
587783
594423
594933
589923
593483
583523
682733
598073
589053
593533
592633
593943
595913
587443
595423
587543
618543
594693
587683
596263
590733
597663
592733
589593
638273
585993
636403
596523
588123
597033
591763
599473
597213
590023
597273
587253
595973
623184
585493
595383
591853
597603
603953
591673
596623
584883
593473
594093
586133
596823
614193
594953
585973
594513
592213
586033
595613
592763
594963
601993
595443
601973
587843
600253
596083
588213
597843
588683
596303
596353
592563
596803
591723
599993
598253
591883
601773
594873
594383
594703
588713
596583
586363
593553
626793
586273
595673
587943
596713
600083
596533
602433
592003
601163
597363
590423
595533
596733
599993
592843
601583
602393
592713
598343
597233
595663
595643
589023
595983
589793
601323
597653
587703
595373
588773
599703
605943
602483
609863
600293
607773
603223
596563
607133
603403
604683
603604
597763
603063
593013
607103
597903
590673
624263
584483
594743
597363
593623
597153
587993
592933
595183
586853
596793
593913
596333
604503
595793
605743
592793
603173
594043
584323
593113
584673
596273
594423
593373
596013
587233
596043
590673
583863
594773
595303
595923
586333
595603
596933
586013
596183
589913
596023
593943
585713
594313
587042
598973
594443
584933
591913
586833
595333
598293
592853
595863
586623
597223
587893
594953
597193
597213
595213
586473
594323
601093
587243
596133
618834
595473
595333
587243
594813
586683
601343
594733
587093
596013
587643
597513
598263
596973
595553
585162
591943
593333
585003
595613
594483
595483
595383
585213
593423
587773
595973
593713
595443
596603
586833
593683
586363
601673
596523
584923
591523
589033
596683
592383
590233
595523
587613
595713
621353
587373
621294
594763
595713
596093
588983
597342
586303
600793
604883
592943
598153
595783
600464
595073
592543
598863
595743
605963
603763
594443
601003
620923
597953
596153
587823
618683
584773
592893
599533
585973
591313
588323
594023
586533
597853
595963
587353
593763
586783
596143
597413
594143
595143
587053
598243
602493
594643
602803
599973
601593
599233
593453
602123
592973
607773
599803
592393
597273
590153
597423
598593
595593
596863
591233
602703
599443
587743
596573
593763
597673
599113
588723
594733
587643
595923
602663
590853
620023
588733
595473
587863
602723
599813
590603
598783
587753
597033
595993
595823
595423
587653
598723
600463
590733
595673
596143
598803
595223
587593
598113
589093
599233
596733
589063
594203
588233
595433
597533
594683
596633
589793
598043
597283
587453
599083
593783
599003
597193
590323
597013
588713
595573
594723
597683
601063
589843
597153
588253
601023
597173
588243
596343
590343
596153
594323
597613
597953
588573
597123
595343
586813
591693
591023
595883
598083
588823
594943
587763
596783
605953
587423
596553
589813
597153
587643
601913
596273
585823
593743
588913
597483
597083
593913
599043
589503
594583
593113
585233
598023
591603
596433
599093
588973
597033
590643
602583
631094
594913
602873
593363
602283
596273
594663
599343
597053
604383
600403
596853
609083
601613
603873
601853
612733
596723
588913
611163
598893
592353
603573
614353
599693
593053
595153
597293
590393
619503
597353
588723
599553
592773
596863
598313
589513
597223
587523
596233
602943
587813
595963
589213
597013
595913
593213
597623
595504
603153
609683
619473
624663
598163
599513
596423
590103
595703
587123
595533
601963
611023
594353
586853
595163
594763
593023
596323
587583
595313
589963
597863
599553
596673
597883
591903
598053
596743
588173
597703
597513
600823
603183
594533
598063
614013
604083
599743
596133
603403
590263
593383
593463
593283
594203
585493
595223
597133
585883
596823
592433
599033
597633
590503
597363
589743
597163
602823
591213
596703
588933
597223
599953
597853
601803
597053
606153
596403
588072
596273
595223
598644
601073
594083
594173
613543
593473
624473
587093
595333
588473
597893
588183
600783
596313
589183
595363
587063
595543
595083
595253
595513
587723
595743
597883
587233
596363
591793
593713
593803
585523
619573
588693
602203
596103
589573
598843
591073
596313
597043
594173
593593
585613
618673
596903
610833
597533
594163
595293
596643
589353
597843
612523
596413
604803
597693
611203
623073
604493
601193
599263
603283
597754
603333
599053
590293
593683
593813
594983
598943
590063
594363
589253
597203
603453
592733
604083
593143
599233
597913
597133
598323
590553
599193
589173
596573
599833
597243
623703
585623
594753
597393
590653
595953
591543
593933
596223
586563
593453
587223
598843
594513
589603
598263
590503
593623
592753
589813
595263
589803
598373
595113
588093
598563
597913
598233
597863
587433
595593
589453
602343
592523
594933
594523
590623
598713
587163
601293
598463
589103
596293
589053
596103
597663
594833
599493
594723
599233
594873
590343
595843
597493
599783
595993
589923
595883
585813
597893
606683
594353
605093
591953
596943
620073
589193
595193
588103
594843
598073
590063
595443
615223
592653
596433
588663
592383
587183
597393
594263
595273
597963
588803
593743
591193
601263
598833
592043
601233
593363
599883
595633
591923
593313
587033
596923
597753
591063
598523
594423
597483
595103
590273
599133
589053
598243
603453
588443
596553
590383
599333
601183
596843
596293
588543
617473
614053
586643
592793
595263
595963
596403
591673
599403
594783
603434
605563
593593
595813
589963
597363
594043
604203
595883
589823
594613
589623
596523
597733
597803
595713
591533
601523
605213
598143
605233
634853
622563
605403
605513
608183
618193
601773
604093
595224
602763
602073
617013
600693
595653
594743
596703
590863
597363
614573
596233
601603
589623
595523
589823
596753
595703
591433
596113
589593
598283
602553
595413
602883
601523
602903
603743
596603
605433
592813
598983
602293
588943
598523
595023
599743
598403
604123
597013
587903
597523
587323
595623
599173
598593
602473
592793
598933
594053
588733
600113
603713
605214
603003
593013
601363
591113
600953
593783
587413
603513
591463
598063
601943
602003
602443
590513
600893
602533
592703
600473
592433
596783
606903
596933
604453
595883
607653
602393
595463
603463
597103
604803
603653
601163
597153
588783
600743
626163
615064
594203
588883
595563
594383
586123
602323
599483
602593
605423
597823
594923
586893
593693
600293
596143
600693
594933
608863
609153
600973
605743
605433
609963
612543
596683
606933
598083
609333
605693
595063
600113
590913
596663
594133
593823
598913
593153
602124
626653
592973
598403
595083
597453
593983
588113
595463
614463
600813
595893
585023
595703
585993
617863
593743
593523
596583
588503
597363
597153
588283
595083
592313
596173
594803
587853
597373
587893
618343
596933
586763
597773
589963
599093
592753
603573
600093
586963
597663
588903
595603
600503
594453
598763
593203
602223
601833
595033
600203
593613
598643
599763
593443
598923
591033
603213
670344
591353
599883
592053
600523
607843
599603
604943
591103
598053
594983
614713
602533
599053
604473
606143
612763
623833
598983
594683
598383
593993
600293
599353
592493
596903
594313
599453
599983
592213
598733
591653
600653
594423
596403
594893
588623
594003
587153
601003
595403
585353
593103
584003
594323
593223
592963
601453
594093
602323
597623
591183
595423
595753
600883
600474
596193
596923
587913
594853
597833
587283
594543
588692
597013
593853
592953
598103
588613
597693
589083
594613
598223
605683
608724
604923
599543
597763
600283
599123
595583
621373
595643
590483
594873
590263
602173
598383
591953
600463
592353
602963
595023
592313
597183
589433
595713
594613
585503
593303
590783
594393
595873
590593
595683
589403
598193
603643
587403
594163
588633
595513
594203
590413
595903
588773
597193
587403
594543
595373
591963
596043
591843
602503
599453
589843
598243
590533
595323
596323
586913
595783
585383
597483
595793
609243
595803
585703
592913
594023
595303
599323
594633
603003
598273
588313
594283
596643
597593
600313
593783
595823
586093
592493
592843
594803
595543
588783
597703
590463
602083
598323
592833
604923
595433
603883
599293
596053
597453
588713
597413
598773
587923
597333
596283
596813
600093
589023
597773
588993
600833
593833
587833
596723
587253
593913
594143
592133
595263
583053
594313
595023
586443
595123
593773
595513
584623
618743
596383
589213
597673
593963
597243
595213
585463
590653
585953
603663
595823
589193
597213
588333
596703
595463
593433
594503
592643
601643
604233
594573
597893
592373
594453
594633
585993
594873
588673
597133
599423
588883
598943
587213
593673
586323
602693
595973
587613
596133
589083
596553
595423
593683
593173
590403
599313
598293
590283
597813
592003
593873
619963
587793
593173
590583
607773
600863
591693
600923
595913
603333
609323
605353
607973
597223
602683
594203
587033
599163
596674
603903
600493
592813
599273
588163
597513
601423
590383
595843
590063
595403
592223
595633
595613
592303
597943
589073
597873
597723
595383
597153
588323
595863
592753
584383
595653
594163
594533
594473
586583
595733
584482
596453
596523
588663
594223
585873
593523
595083
590173
594293
588673
594283
587033
593103
592413
591703
595803
584163
593483
591063
584033
591213
595393
593843
593453
585033
594513
587603
593593
597743
585083
597043
586853
596153
595693
593173
594523
584653
594893
588193
598413
594523
592763
595153
587243
594403
592963
585883
593003
589013
594353
594593
587193
596333
589323
597093
608153
584473
596603
587683
594293
617733
591293
595433
587493
594223
586993
594363
594273
617753
663843
604123
596653
602653
612874
601273
594633
588083
621433
584763
590063
588673
587273
591413
583803
593543
595263
592843
594003
589893
593333
583962
592273
592293
586163
594993
590573
593973
593543
586383
590763
584003
593803
599863
587263
593273
586383
598923
597723
594563
593883
585603
594823
588753
592263
593393
591293
595163
586003
597563
594573
586293
596703
591053
595263
597783
589013
595293
588083
599283
622603
588893
593753
584973
592183
595433
590843
590433
585313
617913
594303
583393
592593
593953
593893
585753
593983
594593
584443
593163
591233
595763
591573
585953
618813
585553
597713
590413
585713
595613
584903
590493
592253
590483
591703
585143
593603
594553
588003
593273
590993
595273
586483
595153
592423
585753
591263
589823
597413
596673
584803
594453
586353
596843
595983
585063
592583
582862
589583
592173
590743
594863
587083
596123
584833
595243
595903
589853
596243
588833
595963
594543
586883
592893
589803
596353
595203
587533
596063
584553
593393
602233
584673
592653
613243
593473
593473
590423
594853
590493
600603
587603
596263
593463
590563
593963
585683
592703
593153
584993
616583
593653
595953
593793
588453
594013
584323
597713
595083
586423
593563
586643
594803
592603
588903
592613
587543
592733
586883
594533
615123
617173
593933
586563
592563
594813
586993
594833
593983
595653
592643
585973
592593
588113
599093
595023
587883
593343
583773
592183
592053
588453
591903
584623
595333
592093
584133
594273
590463
595783
587773
598333
595683
589103
598583
590953
594483
591693
585053
593563
586313
600743
594453
586193
594833
588633
594053
595423
592253
591783
585133
593863
588923
596313
598563
596883
596133
587433
594863
592643
584603
593033
592103
594293
596133
588092
593133
586543
599383
595253
585303
592463
588483
596543
595323
593613
618043
586483
593823
591483
585303
595043
592583
592203
588033
596933
619633
586013
593603
593123
620614
592843
587023
597323
588403
601693
594393
586273
595083
587653
594663
594793
590172
595904
586132
621994
595743
586823
595713
591433
