618163
611243
596483
608023
600453
610973
611553
604503
613463
596993
600203
607544
597323
605933
609243
596803
602073
593793
604873
605753
602873
602173
592753
601263
598383
589943
601923
600463
601403
610303
601013
607823
593033
599783
613463
599303
607023
602253
606393
605624
600943
624943
594523
600363
605163
600203
609433
602213
606513
602213
592563
601323
594273
606943
603173
597533
600343
590813
600343
597753
599883
604813
601193
609953
604513
596774
602353
599233
601383
600293
590453
601873
592473
602763
601433
593433
599353
593663
600603
600583
621723
598043
588673
601093
598873
591013
599313
596953
598193
599893
591333
598513
590043
599683
606723
592503
601423
590673
603613
598063
594953
597553
590943
596873
601693
591943
598853
601423
602833
603563
593473
606434
595163
596763
603273
591853
601183
595193
603933
602503
602893
629033
595743
601913
598503
591563
601433
603863
607633
608913
597043
603513
592083
601053
608703
595663
606653
592753
597863
598053
601713
599413
590393
599193
599274
591533
618813
592723
596613
598443
592993
605343
590823
598703
611513
592913
597273
594223
600153
603313
600673
603093
596323
604383
603743
593703
603763
600153
599853
598963
592383
599443
592543
628193
604303
589973
597733
592003
602813
602053
599164
605213
598393
609113
609483
599833
604143
599723
602853
603513
591753
602233
591663
599683
604743
616483
602263
591713
600823
600843
599173
600103
593053
599473
600673
592503
599143
597803
598733
594803
587803
595273
588513
594743
602823
594803
599343
589563
597693
589623
602253
599853
594903
627764
601553
592743
596173
591543
592493
592493
602183
600873
593723
602283
590323
595673
595033
588763
599153
591883
607443
600333
592583
602013
596083
599903
600713
600393
599283
588783
594373
597623
588853
600363
601843
604493
606283
599293
602693
597663
609263
609893
597723
607493
621434
605873
601413
606203
599833
592743
601583
602453
593903
599103
595483
598693
597853
591123
594213
593013
610713
595363
588223
593003
585853
594893
601463
598313
601113
593823
603043
609163
600293
609013
604983
605103
602293
599133
605333
602773
617654
610493
602043
604753
593883
600443
628623
603253
602173
603323
600733
605443
597973
604163
608603
595593
601593
592473
598063
597813
596573
597953
617984
602493
604113
593563
598493
594593
597573
606163
597943
606173
598903
606293
608453
594233
602043
596223
604423
603533
597633
601363
593633
597493
601463
594163
605763
607033
631963
610664
603413
611863
597653
614253
605563
598283
608633
601233
610493
605433
605313
599933
591603
600693
603793
592053
600113
596393
600003
600853
593213
602973
590873
609214
604283
600443
609683
599023
607383
609723
607153
606343
603183
610493
604763
593243
599153
597303
596253
599333
591203
601933
592333
608783
622863
595763
608363
610774
607423
613493
611423
610393
611813
605633
611163
602363
618833
610533
603313
615874
601633
604943
600863
599753
599003
592573
600213
599463
591143
595713
589973
595393
606103
599853
610563
606473
619393
613323
602813
611443
603203
612243
612054
608553
612293
608503
600093
601913
600613
607953
622003
614683
619573
611513
620604
623313
618103
616243
623563
617043
617113
607813
617974
614033
610233
619753
613183
618953
616103
611113
617003
616913
611093
618204
607103
624383
608803
601063
608953
600923
606493
607013
601963
605183
596283
607073
606153
594873
606874
604403
608383
612263
605243
612353
604373
625573
618293
613623
621783
616994
604533
613893
611173
610023
608053
600283
605343
594413
610683
599413
594253
605553
595633
601623
596793
600043
604083
598103
605923
606733
596703
601084
597943
601913
600463
591303
599433
589373
602453
594993
588353
600813
594813
600043
597863
593853
597413
592663
602473
601813
593973
607243
608123
609493
604203
595963
603113
598673
614523
608493
597393
606813
596453
605253
602713
598513
597993
601524
612633
613863
604323
610113
604193
607673
602683
593003
601133
632303
605713
608193
599313
603523
601714
593243
601123
594043
597963
600143
594133
603023
592493
597933
603173
589833
599373
591983
599193
600973
600243
599343
595113
602143
601273
590653
594863
594203
595483
589293
598703
600343
594073
604043
599773
599113
596993
590043
599553
590983
605283
599523
587623
591523
585303
595973
593653
593613
596663
589113
594763
596663
590163
595713
590373
592043
590153
586053
593473
586303
593663
620923
585083
593653
586733
594683
586763
598863
593213
587183
597273
594123
602753
600673
594863
595223
590733
600613
601713
590383
599913
596913
599023
596233
587523
616873
587453
602653
596723
590083
603523
595103
602063
604063
602823
602683
595183
601833
602933
593263
601503
601463
605474
606143
596523
595193
594083
612923
605933
622533
604923
592093
598063
594513
591053
590803
583313
593153
595643
589543
599433
595693
593993
595153
587303
598063
588213
592953
607593
588023
597193
595053
600843
606073
605903
603283
595783
604423
605463
598063
607613
604963
605353
607973
602623
609424
598323
611513
605423
596433
605513
600233
605293
605283
605303
606493
600953
608653
609313
601503
608253
606523
610453
609943
603273
608853
598633
611873
609413
605433
614273
615513
605293
607723
605273
604143
607033
602013
606344
599383
614833
607383
597743
607173
597433
603353
601023
603733
605283
598573
607543
606483
600913
605343
605503
603543
605523
599933
604353
597803
611354
609313
599413
600653
591433
600853
600443
643993
661803
611443
602633
607944
596813
611513
605873
600953
612543
608773
619653
622783
614053
610993
598063
603923
621994
595453
607533
611743
596043
604223
595203
605593
605483
599663
595873
591493
599843
600933
592303
603993
597733
599573
596943
590883
597313
588643
597423
601793
605253
603973
594073
599843
589573
603733
596783
588113
599633
595673
610963
601103
622764
601513
625553
620463
602233
595803
605463
614243
597753
611663
602993
611473
602563
604083
601313
595133
604893
607054
594083
599913
596863
596703
597753
590613
594153
590653
603393
596023
589893
595853
586463
594883
596633
592883
594823
589353
595173
592293
599593
601303
597383
599463
595743
600443
600343
589303
596323
593573
592803
620123
588013
594193
587643
601073
600953
593303
601173
594673
599143
603823
598823
599533
589303
598313
598903
591663
596673
600603
602113
603683
595453
598663
589343
600923
600333
593393
600523
594893
601803
593703
593293
594053
592543
604943
608883
624013
606284
601053
602953
603823
595413
606553
625163
613163
603963
598753
603513
592983
600553
602353
601273
601473
590543
598313
598573
597683
606083
611644
613813
615423
606083
610733
610383
611183
618813
615393
622503
621284
610063
615723
607053
609603
607463
599423
605753
598233
610853
601513
592023
597593
589183
599473
603093
602283
608783
598673
606943
602933
592143
603683
604084
607643
609173
600563
604853
601653
596733
601053
598113
605353
607613
602313
609433
1053535
612604
617083
613373
602963
609853
600843
602353
605073
594293
605923
599903
610613
612543
605273
614573
609863
601313
610634
604113
606403
607463
603243
614063
609233
621773
609153
601943
638573
602614
611533
614853
606263
604313
591593
599543
595633
591603
600923
594483
598423
594753
590693
600163
597573
608443
601023
595223
604103
595863
604573
604313
600933
604193
595253
603783
601833
593613
630573
603784
602703
605173
597433
603903
600473
616583
601973
593893
596543
592853
602593
604413
599713
602033
591973
597213
597453
586913
597873
592143
599503
598883
590673
599073
590133
604003
595473
589173
598313
592203
598663
598833
594973
592823
591753
597413
601433
595253
604763
598613
600293
602273
597073
605013
597463
607264
597143
589493
596943
587273
597963
600203
596573
595583
611133
593343
593463
584902
592793
590543
593513
596683
588783
600004
613363
622263
600103
587393
599823
591833
600483
602873
608713
604113
595363
603063
600313
591483
597693
596593
597243
599353
592873
601343
592223
597793
603833
589413
601263
592443
597723
585333
597633
593733
588693
601793
593583
597523
595613
592683
593613
586573
594993
597503
587653
595563
596173
599733
598413
592013
595203
593113
608383
626843
592963
599663
591583
596583
592403
595744
597883
594773
603143
602653
596303
606173
604783
605933
600403
589863
594963
588303
604033
603173
594223
602873
593153
604513
606473
608123
607493
600033
609343
605293
599183
607973
603323
603473
599493
592113
597384
593423
606843
599343
591453
597853
589433
623623
604743
604533
606023
598013
606183
607723
601403
604703
598513
603923
599753
589633
596293
588353
605543
596823
590493
602113
596263
604073
601393
598313
603853
594423
603853
602974
597343
602563
597813
602173
606873
595873
598683
590353
601243
600403
592503
599763
589563
600443
602373
601933
610683
601503
610263
601523
593733
600043
623333
600963
606923
595263
600663
617013
608524
608893
597303
604463
599963
606773
606953
601343
603963
606313
594383
600593
593033
604953
606433
593533
598863
589033
595413
587673
599963
596773
586513
595763
588183
594973
596803
592123
597743
590063
621713
593233
587493
596903
598213
596853
596363
587393
593033
585613
598703
619323
603323
591273
584873
592703
621303
600583
602954
592853
601943
601983
593433
602533
599103
600283
602753
593833
602443
592103
606803
595793
589233
600573
592273
600133
599913
602963
597273
586193
592163
593683
587363
596403
597693
595943
594813
587833
593703
588143
597283
593383
598173
598603
588553
593243
587593
600423
599083
592113
596053
585903
591323
597023
593393
595903
590003
596213
601243
591573
599583
596983
594163
594003
585383
593713
585953
596143
598773
586143
593943
585463
593563
584373
598173
592453
586463
592033
589583
599083
603893
601833
600703
589013
594583
592323
584493
593043
595543
596263
595253
588603
593853
588673
598923
600813
588463
593433
588043
594163
587273
599233
595313
585883
593773
586252
594313
593963
594233
599174
589862
597724
597453
589773
596633
597613
600563
602003
594333
596933
587373
600823
594293
614613
596353
589493
597133
598573
595773
595003
588753
595673
596113
587103
597283
593653
596983
600393
591363
597553
587283
596773
591513
592553
594313
584333
593473
589603
604923
600313
592363
601773
591633
598103
595603
594013
598323
588173
598193
596793
593143
601083
593343
595763
595593
588933
598133
586123
593233
594803
584533
594173
585733
596463
586583
599093
592443
583673
591803
588043
597943
596263
593083
596683
587493
596483
594393
584893
594383
616533
598053
599133
588873
602183
589583
600593
620343
586313
593443
587313
599453
596443
591953
595473
588653
594763
592803
584853
594303
595033
597153
588333
596193
594503
584563
594793
594873
4712003
672154
636773
629663
616653
610543
609134
604883
593923
598733
588113
594733
604483
587193
595343
586173
594703
618933
595953
1961160
639983
608563
609433
619053
597133
606703
593913
624473
623923
597283
601403
592943
625604
598673
590403
593833
592863
740093
598663
587203
593423
586243
598823
595283
587763
599353
587593
596463
601063
598763
595703
591303
597633
597453
588083
608074
594513
594012
595083
585393
602463
590333
601993
627764
595303
603283
595093
601093
600583
596923
599233
595023
601303
601223
592333
594493
615713
594313
592023
584903
591443
584793
594403
600393
585653
594303
587123
619323
595793
594193
596113
588013
594153
596743
586133
596023
592333
596703
589983
599433
597013
591243
595113
594173
595543
597793
589073
598753
592053
605413
602733
596093
608283
600043
599153
595363
594203
598413
595293
604053
603753
596633
604443
599573
602913
602253
592993
597194
588022
601904
631473
597743
605123
599673
608233
604233
600613
600723
592933
601073
597243
592113
597973
594733
599103
599333
595873
629353
595933
622153
610423
605614
614593
613163
607723
614003
610373
627003
609813
605583
609643
603183
617034
607563
600123
608253
598813
607483
607283
602393
601153
590083
597243
600703
590163
596813
595723
599273
598023
586383
596243
585383
600603
597623
589313
602943
594693
601153
599513
595703
600033
594953
602763
606063
598793
610793
603793
609563
605373
593673
624344
589543
601263
597023
593603
598973
592003
600053
601523
595643
601083
592753
600173
600583
595383
606033
629113
606443
605913
597513
605963
595293
607613
599123
591013
600673
594703
602393
604363
603723
603244
593903
603713
602453
590843
600723
603563
601833
608173
600353
607843
593463
607063
601913
593503
603113
595983
603173
603243
600703
601503
590533
599593
604323
593763
602223
595773
596983
597483
587253
595243
588503
600313
595193
586333
592053
586683
596063
598843
597843
624363
600133
608694
605123
595043
602643
600463
600133
598453
592193
601483
594613
606543
598763
590003
595413
586173
592613
593233
590903
597433
584583
591513
591083
585553
591723
589323
591973
588143
594783
593813
585912
595553
591423
594103
594753
585643
594173
585223
600923
595883
587463
595263
587653
597713
591883
592283
593393
586373
596313
586603
594513
594103
589993
594813
586793
595063
596143
585483
594673
591863
595073
595223
587963
593843
590333
602163
594493
589233
599183
591683
598903
598693
593253
591023
585803
594433
593273
587173
594833
593433
595403
585293
594763
598343
589813
597523
589653
595073
594773
586673
595893
590253
599813
593293
587803
597113
588463
594783
597923
590063
594963
586443
594533
620343
590073
595153
594193
595163
598113
588353
596153
587343
596123
595313
597113
595853
584793
594383
588313
600343
595253
586973
595713
588883
595803
595663
593163
594483
586733
593603
597193
587823
593023
591013
596063
593023
585973
592053
587563
594743
594693
596703
598983
592973
598703
589263
601843
597403
588063
595553
588343
594343
593733
593033
595493
586863
595593
594103
587333
594473
589903
594243
618323
587653
598013
587553
595343
602303
590123
597373
590003
595093
593243
587913
591643
584233
620903
588383
594993
595583
596883
594733
589063
596243
595793
584673
593883
589063
592653
592613
584453
594573
585423
594203
622673
586563
592623
586983
593433
591843
588843
597293
587313
593113
584103
592903
593783
593823
593473
589163
594413
593753
585143
618323
591523
591953
591633
584423
617263
585583
597783
598743
588813
594563
587793
595923
596273
595263
595473
