RAW doc-open/docbig lo_cycles=36129631 37318446 36568460 35847786 37027266 36553718 36278192 36122394 35883535 37447271 36552213
RAW doc-open/docbig hi_cycles=267627031 266422256 266639036 268493109 268155102 267286023 268149852 267029711 268201356 266996588 267761299
RAW doc-open/docmid lo_cycles=18335330 17342040 16963294 17453327 16717600 16590690 16650110 16323477 16835250 16990318 16703661
RAW doc-open/docmid hi_cycles=111728021 110630471 109995319 108386917 106872940 105415165 112944385 111292220 106087016 106416341 107017681
RAW ppt-open/pptmid-eager lo_cycles=6086215 5954384 5870411 5941227 5893842 5891143 5928968 6420785 5972062 5962463 6136693
RAW ppt-open/pptmid-eager hi_cycles=27482339 27255160 27067829 26796212 27126642 27015420 27100049 27149542 28178276 26867287 26973135
RAW ppt-source-open/pptmid lo_cycles=5911845 5774260 5872080 6293343 5856645 5771071 5978610 5690642 5832035 5819584 5644083
RAW ppt-source-open/pptmid hi_cycles=26507817 25577616 25596570 26176260 25959057 25831288 25626103 25671751 25562786 25469572 25567405
RAW xls-source-open/flagship lo_cycles=8900708 8785802 8746006 8615543 9306700 8846061 8843734 8975951 8963782 8813302 8687496
RAW xls-source-open/flagship hi_cycles=40591251 40069812 40612012 40760027 40745444 40407455 40686947 40622948 40395169 40647876 40173965
RAW slurp-zero/docbig lo_cycles=8707971 8533623 8710339 8671944 8557124 8582695 8707078 8452358 8543415 8728313 9052126
RAW slurp-zero/docbig hi_cycles=24166459 24331739 24196834 23781656 24058363 24034338 24023100 23660083 23740438 24086558 23881829
RAW slurp-append/docbig lo_cycles=8153095 7997604 8102027 8063287 8050018 8241654 7945878 7955117 8005883 7982479 7880394
RAW slurp-append/docbig hi_cycles=19605323 19399921 18979473 19067280 18954124 19201792 18813157 18972453 19127783 19028292 18777144
RAW memset/docbig lo_cycles=7187089 7032480 7240869 7003437 7066092 7200524 7403723 7405570 7339917 7027118 6994251
RAW memset/docbig hi_cycles=11275103 10647490 10318602 10489309 10266404 10229229 10629503 10284550 10139326 10239965 10531552
RAW alloc-only/docbig lo_cycles=5123259 5076022 5016328 5099133 5058719 5370093 5399850 5345431 5375003 5260085 5261781
RAW alloc-only/docbig hi_cycles=5110695 5189405 5101870 5052412 5209121 5348763 5380355 5385306 5420229 5304484 5146042
RAW slurp-zero/docmid lo_cycles=3232972 3049219 3017854 3146659 2945518 2906744 2963738 2932452 3027575 2963774 2940261
RAW slurp-zero/docmid hi_cycles=4770840 4572320 4588403 4550127 4572879 4553203 4480460 4730651 4496569 4472603 4430357
RAW slurp-append/docmid lo_cycles=2967248 2849469 2834341 2835181 2783090 2928767 2829020 2838270 2971846 2865416 2874639
RAW slurp-append/docmid hi_cycles=4012457 4041942 4279986 4054755 3955345 4106433 3985869 4197149 4018645 4143490 4184614
RAW memset/docmid lo_cycles=2870724 2835196 2832316 2749570 2813633 2884323 2896563 2901300 2808835 2997951 2874344
RAW memset/docmid hi_cycles=3585284 3390218 3578098 3333826 3405655 3639451 3345449 3412862 3330205 3374920 3379848
RAW alloc-only/docmid lo_cycles=2464584 2576395 2565682 2355008 2479155 2352611 2432723 2434361 2401262 2538462 2522619
RAW alloc-only/docmid hi_cycles=2566000 2377085 2333247 2334114 2567140 2595266 2703363 2514628 2679501 2559080 2639306
RAW slurp-zero/pptmid-eager lo_cycles=3517245 3422421 3471513 3587451 3421695 3647413 3734282 3556784 3608444 3659861 3482884
RAW slurp-zero/pptmid-eager hi_cycles=5143423 5139683 5489793 5171115 5409534 5261072 5349523 5387332 5372743 5397411 5525429
RAW slurp-append/pptmid-eager lo_cycles=3578258 3362534 3579016 3573813 3446040 3412560 3473878 3405161 3476104 3502258 3581162
RAW slurp-append/pptmid-eager hi_cycles=4794576 4755017 4787564 4708722 4979920 4723491 4829323 4618127 4683998 4786700 5025536
RAW memset/pptmid-eager lo_cycles=3620468 3447693 3626818 3464647 3493542 3484445 3419462 3323968 3378050 3720084 3639818
RAW memset/pptmid-eager hi_cycles=4384955 4263745 4085448 4127764 3984638 4265556 4046542 3917834 3983309 4022441 4157072
RAW alloc-only/pptmid-eager lo_cycles=2852878 2911495 2862678 2873275 3086393 2932339 2928981 2919512 2859333 3084810 3194880
RAW alloc-only/pptmid-eager hi_cycles=2900193 2905674 2880890 2972941 2928758 2987785 2940396 3078490 2903741 2892935 3015703
RAW slurp-zero/pptmid-shared lo_cycles=3887952 3741826 3782370 3795283 3763508 3679059 3618321 3608458 3729051 3665945 3626210
RAW slurp-zero/pptmid-shared hi_cycles=5493473 5309648 5317602 5250073 5437316 5485714 5402430 5129111 5283826 5369965 5212537
RAW slurp-append/pptmid-shared lo_cycles=3762290 3753142 3659219 4015292 3689343 3600296 3774719 3559845 3557855 3472662 3672384
RAW slurp-append/pptmid-shared hi_cycles=4964980 4781689 4788412 4806751 4731576 4858586 4903428 4785289 4666184 4785835 4607730
RAW memset/pptmid-shared lo_cycles=3597129 3645256 3546819 3616189 3455239 3422545 3441887 3454380 3512262 3482635 3568387
RAW memset/pptmid-shared hi_cycles=4048659 3991559 4042627 4165384 4170580 3963543 4027311 4034401 4106401 4022459 4149989
RAW alloc-only/pptmid-shared lo_cycles=3226980 3117659 3019837 3063675 3065958 3045936 3057529 3056573 3012430 3198498 3074593
RAW alloc-only/pptmid-shared hi_cycles=3062284 3038420 3051134 3380038 3003164 3104472 3255005 3000160 3074796 3149458 3119480
RAW slurp-zero/xls-globals lo_cycles=5727787 5548485 5552496 5582334 5836373 5483140 5106126 5501141 5199362 5183552 5270346
RAW slurp-zero/xls-globals hi_cycles=9862374 9606280 9831456 9703738 9826740 9611066 9399862 9454694 9502606 9769837 9345480
RAW slurp-append/xls-globals lo_cycles=5325474 5186948 5174018 4928587 4999633 5022267 5027173 5095867 4997001 5109027 5106072
RAW slurp-append/xls-globals hi_cycles=8086102 8474087 8079307 8071841 8275111 8313782 8286967 8169507 8523368 8037927 8362869
RAW memset/xls-globals lo_cycles=4762351 4710692 4792712 4639989 4628410 4956333 4722418 4760971 4751536 5091092 4960751
RAW memset/xls-globals hi_cycles=5617062 5572222 5587027 5692333 5728930 5867912 5791972 5721145 5620165 5694882 5869816
RAW alloc-only/xls-globals lo_cycles=3959779 4107603 4072309 4069831 4148714 4170929 4043537 3960365 3822900 3914928 3711424
RAW alloc-only/xls-globals hi_cycles=4008993 4022785 3968142 4120503 4164014 4016552 4225159 3854110 3836904 3783981 3796240
RAW AA-doc-open/docbig-a lo_cycles=39903772 36153123 37736900 36667907 35852949 36720381 35525941 35397659 35088504 35431115 38137359
RAW AA-doc-open/docbig-a hi_cycles=270130516 268538225 268820426 267078764 268927164 267629245 267659220 265302215 266894506 268086703 269451019
RAW AA-doc-open/docbig-b lo_cycles=37775664 37108136 36250992 35603271 35668544 36322216 36027997 36638094 35484892 36384854 36038366
RAW AA-doc-open/docbig-b hi_cycles=266949223 265928143 268495489 265443693 266305704 269336756 267731732 265734702 267771288 269116133 267166767
RAW AA-ppt-source-open/a lo_cycles=6073954 5923661 5594177 5615910 5781762 5608988 5626060 5991161 6579609 6436578 5746484
RAW AA-ppt-source-open/a hi_cycles=25806937 25667332 25566787 25740888 25683644 25854192 25465059 26004228 26202506 26129577 25791862
RAW AA-ppt-source-open/b lo_cycles=6004551 5750605 6057709 6182965 6414068 5954459 5907643 6598546 7140692 6812548 6666785
RAW AA-ppt-source-open/b hi_cycles=25752176 25710331 26145822 26407444 26251806 25569422 25807854 26461669 27199808 26822718 26937118
