1	4
3	3
4	214
5	5
6	4
7	3
8	1957
9	1
10	21
11	6
12	34
14	48
15	3
16	1111
18	195
19	21
20	132
24	502
26	3
27	10
28	129
32	840
34	3
36	24
40	102
48	176
50	192
52	6
54	1
56	165
64	404
66	64
68	12
72	57
76	24
80	48
84	9
88	6
96	383
104	9
108	3
112	3
120	1
122	9
128	866
130	6
137	1
144	198
147	3
148	6
152	7
155	3
160	315
182	3
190	3
192	24
200	12
208	3
224	195
240	1
248	12
256	512
264	1
288	789
296	3
304	12
320	99
344	3
352	3
368	3
384	15
416	3
448	6
456	3
472	1
512	145
544	1
560	6
576	237
640	210
688	3
768	6
960	3
992	3
1024	107
1152	21
1255	3
1256	3
1263	3
1280	3
1300	3
1368	1
1376	3
1408	3
1536	6
1664	3
1824	3
1984	3
2048	4
2176	48
2304	9
2512	3
2610	3
2688	48
3648	3
4096	4
4608	3
5024	3
5080	3
7296	3
8192	4
10048	3
16384	3
20096	3
20144	6
20148	3
20156	3
20160	3
20320	3
20480	6
32768	3
40000	3616
40046	192
40053	1
73728	1
80000	96
80106	1
160000	96
160003	323
160212	1
320000	96
320006	3
320424	1
640012	3
640848	1
1280024	3
1281696	1
2560048	3
2560078	5
2563392	1
2578201	3
2579200	3
2601472	3
2609152	3
5120096	3
5158400	3
