# callgrind format
version: 1
creator: callgrind-3.26.0
pid: 1005460
cmd:  /home/zhuhe/code/litchi-target-0803/attribute-boundary-probe --leg before --case distinct-64 --mode consume --samples 1 --warmup 0 --iterations 1 --output /home/zhuhe/code/litchi/docs/performance/results/change-0803/profiles/1-distinct-64-consume-before.json
part: 1


desc: I1 cache: 
desc: D1 cache: 
desc: LL cache: 

desc: Timerange: Basic block 0 - 963132
desc: Trigger: --dump-after=attribute_boundary_probe::before_consume

positions: line
events: Ir Bc Bcm Bi Bim
summary: 100857 13869 563 1761 9


ob=(6) /home/zhuhe/code/litchi-target-0803/attribute-boundary-probe
fl=(309) /home/zhuhe/code/litchi/docs/performance/results/change-0803/probe-src/src/baseline.rs
fn=(1292) attribute_boundary_probe::baseline::CheckedAttributes::next_own
275 434
+1 124 62
0 186
277 186
0 62
327 124 62 4
441 64
fi=(174) /rustc/59807616e1fa2540724bfbac14d7976d7e4a3860/library/core/src/num/uint_macros.rs
923 128 32
fi=(180) /rustc/59807616e1fa2540724bfbac14d7976d7e4a3860/library/core/src/ptr/non_null.rs
1720 64
fi=(277) /rustc/59807616e1fa2540724bfbac14d7976d7e4a3860/library/core/src/slice/iter/macros.rs
180 32 32 3
fi=(174)
923 1
fe=(309)
358 60
fi=(174)
923 90 30
fi=(180)
1720 60
fi=(277)
180 30 30 1
fi=(174)
0 62
fi=(276) /rustc/59807616e1fa2540724bfbac14d7976d7e4a3860/library/core/src/slice/index.rs
89 93
-89 31
fi=(277)
384 62
fe=(309)
574 31 31
fi=(277)
384 62
fe=(309)
574 31 31
0 62 31
fi=(277)
390 31
fi=(180)
1720 31
fi=(277)
180 31 31
0 90
fi=(276)
89 90
-89 30
fi=(277)
384 60
fe=(309)
574 30 30
fi=(277)
384 60
fe=(309)
574 30 30
0 60 30
fi=(277)
390 30
fi=(180)
1720 30
fi=(277)
180 30 30
fe=(309)
332 145
fi=(263) /rustc/59807616e1fa2540724bfbac14d7976d7e4a3860/library/core/src/option.rs
745 244 61 29
fi=(233) /rustc/59807616e1fa2540724bfbac14d7976d7e4a3860/library/core/src/ptr/mod.rs
+60 2 1
0 6
805 6 1
cfn=(1342) core::ptr::drop_in_place<alloc::collections::btree::map::BTreeMap<attribute_boundary_probe::baseline::Name,usize>>
calls=10 * 
* 1409 353 11 9 1
fi=(243) /rustc/59807616e1fa2540724bfbac14d7976d7e4a3860/library/std/src/sys/alloc/unix.rs
48 2 0 0 1
cob=(2) /usr/lib/x86_64-linux-gnu/libc.so.6
cfi=(155) ./malloc/./malloc/malloc.c
cfn=(762) free
calls=10 3319 
* 33 6
* 7
fe=(309)
282 1
+2 5
+1 8
-1 305
+1 488
0 31
fi=(174)
927 93
fi=(277)
180 31 31 31
0 30
fi=(174)
927 90
fi=(277)
180 30 30
0 186
fi=(180)
1720 62
fi=(277)
390 62
fi=(180)
1720 62
fi=(277)
180 62 62
384 279
fe=(309)
558 93 93
0 186 93
fi=(276)
219 186 31
fe=(309)
561 155 31
0 180
fi=(180)
1720 53
fi=(277)
390 53
fi=(180)
1720 53
fi=(277)
180 53 53
384 249
fe=(309)
558 83 83
0 166 83 6
fi=(276)
219 180 30
fe=(309)
561 150 30
0 186
fi=(174)
923 31 31
fe=(309)
442 124 31
fi=(263)
745 62 31
0 155
fe=(309)
442 155
fi=(313) /rustc/59807616e1fa2540724bfbac14d7976d7e4a3860/library/alloc/src/collections/btree/node.rs
-46 62
fi=(312) /rustc/59807616e1fa2540724bfbac14d7976d7e4a3860/library/alloc/src/collections/btree/search.rs
225 93
0 31
fi=(180)
1720 31
fi=(277)
180 31 31
fi=(313)
396 62
fi=(312)
225 93
0 31
fi=(180)
1720 31
fi=(277)
180 31 31
fi=(180)
1720 278
fi=(277)
180 278 278 29
fi=(180)
659 309
fi=(312)
226 927
fi=(264) /rustc/59807616e1fa2540724bfbac14d7976d7e4a3860/library/core/src/slice/cmp.rs
+91 927
+8 618 0 0 309
cob=(2)
cfi=(293) ./string/../sysdeps/x86_64/multiarch/memcmp-avx2-movbe.S
cfn=(1130) __memcmp_avx2_movbe
calls=3090 73 
* 6726 1236 28
* 309
+1 618
fi=(236) /rustc/59807616e1fa2540724bfbac14d7976d7e4a3860/library/core/src/cmp.rs
2011 1236
fi=(312)
226 1947 340 34
0 124
fi=(313)
731 62 31 4
fi=(312)
0 93
fi=(313)
731 62 31 4
0 31
fi=(233)
1717 31
fi=(312)
57 31
-57 93
fe=(309)
445 31
cfi=(296) /home/zhuhe/.cargo/registry/src/index.crates.io-1949cf8c6b5b557f/quick-xml-0.41.0/src/events/attributes.rs
cfn=(1164) <quick_xml::events::attributes::Attributes as core::iter::traits::iterator::Iterator>::next
calls=310 697 
* 6758 1116 32 93
fi=(263)
2766 155 31 2
+1 124
fe=(309)
446 93 31
fi=(250) /home/zhuhe/code/litchi/docs/performance/results/change-0803/probe-src/src/main.rs
0 62
fi=(174)
2494 124
fe=(309)
450 124
cfi=(311) /rustc/59807616e1fa2540724bfbac14d7976d7e4a3860/library/alloc/src/collections/btree/map.rs
cfn=(1304) alloc::collections::btree::map::BTreeMap<K,V,A>::insert
calls=310 1046 
* 17887 2304 107 373
0 31
fi=(174)
2494 62
2301 155
fe=(309)
451 186
0 62
456 31
0 180
fi=(174)
923 30 30
fe=(309)
361 60 30
0 30
394 60
fi=(174)
923 30 30
fe=(309)
0 30
361 30
fi=(259) /rustc/59807616e1fa2540724bfbac14d7976d7e4a3860/library/core/src/iter/traits/iterator.rs
2468 60
0 30
fi=(180)
1720 30
fi=(277)
180 30 30
fi=(180)
1720 525
fi=(277)
180 525 525 30
fi=(180)
659 1050
fi=(259)
2469 1050
fi=(264)
317 2100
+8 1575 0 0 525
cob=(2)
cfi=(293)
cfn=(1130)
calls=5250 73 
* 11481 2100 25
* 525
+1 1050
fi=(259)
2469 1575
fi=(236)
443 525
fi=(259)
2469 525 525
fe=(309)
0 60
364 30
cfi=(296)
cfn=(1164)
calls=300 697 
* 6428 1038 25 90
+1 120 30
0 30
365 120 30 2
0 30
366 120
fi=(174)
2494 60
2301 180
fe=(309)
370 120 30 1
+1 87
+1 29
+1 29
+1 174
0 88
fi=(174)
923 2 1
fe=(309)
0 1
fi=(311)
652 3
fi=(174)
923 1 1
0 8
fi=(180)
1720 1
fi=(277)
180 1 1
fi=(180)
1720 32
fi=(277)
180 32 32 3
fi=(180)
659 64
fe=(309)
430 64
fi=(174)
2494 64
fe=(309)
430 64
cfi=(311)
cfn=(1304)
calls=320 1046 
* 13700 1749 110 273 1
* 64
0 5
432 2
cfi=(311)
cfn=(1304)
calls=10 1046 
* 395 50 4 8
+1 5
fi=(243)
14 2 0 0 1
cob=(2)
cfi=(155)
cfn=(650) malloc
calls=10 3283 
* 30 6
fi=(245) /rustc/59807616e1fa2540724bfbac14d7976d7e4a3860/library/alloc/src/boxed.rs
248 3 1
0 1
289 5
fi=(243)
48 1 0 0 1
cob=(2)
cfi=(155)
cfn=(762)
calls=10 3319 
* 33 6 1
fe=(309)
345 9
0 1
fi=(277)
180 1 1
0 2
315 2
fe=(309)
574 1 1
fi=(277)
315 2
fe=(309)
574 1 1
0 2 1
fi=(180)
1720 3
fi=(277)
180 1 1
fe=(309)
378 2
-47 4 1

fn=(1272) attribute_boundary_probe::baseline::CheckedAttributes::next_short_two
218 8
+5 1
fi=(310) /rustc/59807616e1fa2540724bfbac14d7976d7e4a3860/library/alloc/src/borrow.rs
0 1
fi=(295) /home/zhuhe/.cargo/registry/src/index.crates.io-1949cf8c6b5b557f/quick-xml-0.41.0/src/events/mod.rs
218 1
fi=(276)
438 3 1
0 2
fi=(180)
1720 2
fi=(277)
180 1 1
fi=(276)
-91 3
-89 1
fi=(277)
384 2
fe=(309)
574 1 1
fi=(277)
384 2
fe=(309)
574 1 1
0 2 1
fi=(277)
390 1
fi=(180)
1720 1
fi=(277)
180 1 1 1
fi=(180)
1720 2
fi=(277)
180 1 1
fi=(276)
-91 3
-89 1
fi=(277)
384 2
fe=(309)
574 1 1
fi=(277)
384 2
fe=(309)
574 1 1
0 2 1
fi=(277)
390 1
fi=(180)
1720 1
fi=(277)
180 1 1
fi=(174)
927 3
fi=(277)
180 1 1
0 6
fi=(180)
1720 1
fi=(277)
390 1
fi=(180)
1720 1
fi=(277)
180 1 1
384 6
fe=(309)
558 2 2
0 9 2
fi=(174)
923 1 1
+4 2
fe=(309)
570 3
fi=(174)
923 4 1
fi=(180)
1720 2
fi=(277)
180 1 1
fi=(276)
-91 3
-89 1
fi=(277)
384 2
fe=(309)
574 1 1
fi=(277)
384 2
fe=(309)
574 1 1
0 2 1
fi=(277)
390 1
fi=(180)
1720 1
fi=(277)
180 1 1
fe=(309)
+88 8
fi=(174)
927 3
fi=(277)
180 1 1 1
fi=(174)
927 3
fi=(277)
180 1 1 1
fi=(276)
0 6
fi=(180)
1720 1
fi=(277)
390 1
fi=(180)
1720 1
fi=(277)
180 1 1
384 6
fe=(309)
558 2 2
0 9 2
fi=(174)
923 1 1
0 1
927 2
fe=(309)
570 2
fi=(174)
923 3 1
0 7
fi=(180)
1720 1
fi=(277)
390 1
fi=(180)
1720 1
fi=(277)
180 1 1
384 6
fe=(309)
558 2 2
0 4 2
fi=(276)
219 5 1
0 1
fe=(309)
561 6 1
0 2
fi=(276)
0 2
fi=(174)
923 1 1
fe=(309)
230 3 1
0 6
fi=(263)
1583 3 1
fi=(264)
154 5 0 0 1 1
cob=(2)
cfi=(293)
cfn=(1130)
calls=10 -81 
* 22 4 1
* 3
fi=(263)
1584 1 1
0 3
1583 3 1
fi=(264)
154 6 0 0 1
cob=(2)
cfi=(293)
cfn=(1130)
calls=10 -81 
* 22 4 1
* 2
fi=(263)
1584 1 1
0 2
fe=(309)
245 4
cfi=(296)
cfn=(1164)
calls=10 697 
* 202 30 0 3
+1 4 1
0 1
246 2 1
0 1
247 6
+1 1
fi=(310)
350 1
0 2
fi=(174)
2494 3
2301 5
fi=(310)
0 1
fi=(174)
923 3 1
fi=(310)
350 1
fi=(295)
218 1
fi=(276)
438 1
fi=(310)
-88 2 1
fi=(277)
180 1 1
0 1
315 2
fe=(309)
574 1 1
fi=(277)
315 2
fe=(309)
574 1 1
0 2 1 1
fi=(180)
1720 2
fi=(277)
180 1 1
fi=(276)
438 2 1
fi=(180)
1720 5
fi=(277)
180 1 1
fi=(276)
-91 2
-89 1
fi=(277)
384 2
fe=(309)
574 1 1
fi=(277)
384 2
fe=(309)
574 1 1
0 2 1
fi=(277)
390 1
fi=(180)
1720 1
fi=(277)
180 1 1
fi=(174)
927 3
fi=(277)
180 1 1
fi=(250)
0 6
fi=(180)
1720 1
fi=(277)
390 1
fi=(180)
1720 1
fi=(277)
180 1 1
384 6
fe=(309)
558 2 2
0 10 2
fi=(174)
923 1 1
+4 4
-4 3 1
0 1
fi=(180)
1720 2
fi=(277)
180 1 1
fi=(276)
-91 2
-89 1
fi=(277)
384 2
fe=(309)
574 1 1
fi=(277)
384 2
fe=(309)
574 1 1
0 2 1
fi=(277)
390 1
fi=(180)
1720 1
fi=(277)
180 1 1 1
fi=(174)
927 4
fi=(277)
180 1 1
0 6
fi=(180)
1720 1
fi=(277)
390 1
fi=(180)
1720 1
fi=(277)
180 1 1
384 6
fe=(309)
558 2 2
0 11 2
fi=(174)
923 1 1
0 1
fi=(243)
14 2 0 0 1
cob=(2)
cfi=(155)
cfn=(650)
calls=10 3283 
* 30 6 1
fi=(245)
248 2 1
fe=(309)
0 1
fi=(174)
927 2
fi=(276)
89 1
fi=(245)
289 68
fe=(309)
+28 2
fi=(233)
805 2 1 1
fe=(309)
255 4
0 1
257 8

fn=(1258) <attribute_boundary_probe::baseline::CheckedAttributes as core::iter::traits::iterator::Iterator>::next
486 520
+1 195 65 1
0 130
487 195 0 0 65 4
0 1
171 2
cfi=(296)
cfn=(1164)
calls=10 697 
* 202 30 1 3 2
+1 4 1
+16 1
fi=(310)
0 1
fi=(295)
218 1
fi=(276)
438 3 1
0 2
fi=(180)
1720 2
fi=(277)
180 1 1
fi=(276)
-91 3
-89 1
fi=(277)
384 2
fe=(309)
574 1 1
fi=(277)
384 2
fe=(309)
574 1 1
0 2 1 1
fi=(277)
390 1
fi=(180)
1720 1
fi=(277)
180 1 1
fi=(180)
1720 2
fi=(277)
180 1 1
fi=(276)
-91 3
-89 1
fi=(277)
384 2
fe=(309)
574 1 1
fi=(277)
384 2
fe=(309)
574 1 1
0 2 1
fi=(277)
390 1
fi=(180)
1720 1
fi=(277)
180 1 1
fe=(309)
-7 1
fi=(310)
0 1
350 1
fi=(174)
2494 2
2301 1
fi=(310)
0 2
fi=(174)
2301 3
923 2 1
fi=(233)
805 2 1
fe=(309)
174 3
fi=(277)
+6 1 1
0 3
315 2
fe=(309)
574 1 1
fi=(277)
315 2
fe=(309)
574 1 1
0 2 1
fi=(180)
1720 2
fi=(277)
180 1 1
fi=(174)
927 3
fi=(277)
180 1 1
0 6
fi=(180)
1720 1
fi=(277)
390 1
fi=(180)
1720 1
fi=(277)
180 1 1
384 6
fe=(309)
558 2 2
0 9 2
fi=(174)
923 1 1
+4 1
fe=(309)
570 2
fi=(174)
923 3 1
+4 4
fi=(277)
180 1 1
0 6
fi=(180)
1720 1
fi=(277)
390 1
fi=(180)
1720 1
fi=(277)
180 1 1 1
384 6
fe=(309)
558 2 2
0 5 2
fi=(276)
219 5 1
fe=(309)
561 5 1
0 3
fi=(174)
923 1 1
+4 4
fe=(309)
187 2 1
0 1
fi=(264)
154 2 0 0 1
cob=(2)
cfi=(293)
cfn=(1130)
calls=10 -81 
* 22 4 2
* 1
fe=(309)
+37 1 1
0 1
197 2
cfi=(296)
cfn=(1164)
calls=10 697 
* 202 30 1 3
+1 4 1
0 12
504 16
199 1
fi=(310)
0 1
350 1
fi=(174)
2494 2
2301 1
fi=(310)
0 2
fi=(174)
2301 3
923 2 1
fi=(233)
805 2 1
fe=(309)
200 4
fi=(277)
-20 1 1
0 3
315 2
fe=(309)
574 1 1
fi=(277)
315 2
fe=(309)
574 1 1
0 2 1
fi=(180)
1720 2
fi=(277)
180 1 1
fe=(309)
498 12
cfn=(1272)
calls=10 218 
* 778 127 9 6 1
+3 620
cfn=(1292)
calls=620 275 
* 95450 13368 526 1683 2

fl=(172) /rustc/59807616e1fa2540724bfbac14d7976d7e4a3860/library/std/src/rt.rs
fn=(598) std::rt::lang_start_internal
fi=(323) /rustc/59807616e1fa2540724bfbac14d7976d7e4a3860/library/core/src/ops/function.rs
cfn=(860) std::rt::lang_start::{{closure}}
calls=0 206 
287 100857 13869 563 1761 9
fe=(172)

fn=(860)
cfi=(249) /rustc/59807616e1fa2540724bfbac14d7976d7e4a3860/library/std/src/sys/backtrace.rs
cfn=(862) std::sys::backtrace::__rust_begin_short_backtrace
calls=0 162 
206 100857 13869 563 1761 9

fl=(164) ???
fn=(564) (below main)
cob=(2)
cfi=(165) ./csu/../csu/libc-start.c
cfn=(566) __libc_start_main@@GLIBC_2.34
calls=0 242 
0 100857 13869 563 1761 9

fn=(596) main
cfi=(172)
cfn=(598)
calls=0 152 
0 100857 13869 563 1761 9

fl=(296)
fn=(1164)
697 384
+1 256 0 0 64 1
cfn=(1166) quick_xml::events::attributes::IterState::next
calls=1801 1222 
* 10464 1924 59 64 1
* 320 128
+2 384
fi=(174)
923 448
fe=(296)
-50 192 0 0 64
fi=(174)
+50 448 192
fi=(276)
89 256
fe=(296)
700 320
+3 320

fn=(1176) quick_xml::events::attributes::IterState::check_for_duplicates
1135 448
+5 128 64
+13 192
+1 512

fn=(1166)
1222 448
+1 192
1055 192 0 0 64 1
0 64
1055 64
fi=(276)
568 128 64
fi=(180)
1720 128
fi=(277)
180 64 64
fe=(296)
1224 64
fi=(276)
89 256
-89 64
fe=(296)
1229 128
fi=(297) /home/zhuhe/.cargo/registry/src/index.crates.io-1949cf8c6b5b557f/quick-xml-0.41.0/src/utils.rs
322 64 64
fe=(296)
1229 128
fi=(297)
322 64 64
0 128 64
fi=(180)
1720 192
fi=(277)
180 64 64
fe=(296)
1360 576
fi=(277)
180 512
0 64
fi=(180)
1720 64
fi=(277)
180 64 64
fi=(180)
1720 118
fi=(277)
180 118 118
fe=(296)
1242 728 182
0 792 364 55
1287 768
cfn=(1176)
calls=1792 1135 
* 1280 64
* 128 64
fi=(180)
1720 128
fi=(277)
180 64 64
0 128
fe=(296)
1298 128
fi=(297)
322 64 64
0 128 64
fe=(296)
0 192 64
fi=(277)
180 128
fi=(180)
1720 64
fi=(277)
180 64 64
fi=(180)
1720 118
fi=(277)
180 118 118
fi=(259)
2469 182
fe=(296)
1342 182
fi=(180)
659 182
fi=(259)
2469 182 182 4
fe=(296)
0 192
1342 128 64
1212 128
0 320

fl=(249)
fn=(862)
fi=(323)
cfi=(250)
cfn=(864) attribute_boundary_probe::main
calls=0 386 
250 100857 13869 563 1761 9
fe=(249)

fl=(233)
fn=(1342)
805 5
1717 1
fi=(311)
1884 2 1
fe=(233)
1717 2
fi=(311)
1933 2 1
0 4
fi=(313)
812 228
fi=(311)
1933 57 57 1
fi=(316) /rustc/59807616e1fa2540724bfbac14d7976d7e4a3860/library/alloc/src/collections/btree/navigate.rs
224 128 64
fi=(313)
+66 63
896 126 63 8
0 114
731 6 2
0 2
fi=(316)
225 1
fi=(313)
731 8 2
0 2
290 1
896 2 1
338 7
fi=(263)
745 14 7
fi=(313)
341 7
+1 7
fi=(243)
48 7 0 0 7 1
cob=(2)
cfi=(155)
cfn=(762)
calls=139 3319 
* 231 42
* 7
fi=(313)
896 14 7
731 128 64
fi=(276)
253 14
fi=(316)
634 21 7
0 14
722 7
fi=(313)
1115 7
731 21 7
fi=(316)
-97 28 7
fi=(313)
0 28
fi=(311)
1933 7 7
fi=(313)
338 1
fi=(263)
745 2 1
0 3
fi=(243)
48 2 0 0 1
cob=(2)
cfi=(155)
cfn=(762)
calls=21 3319 
* 33 6
fi=(313)
338 2
fi=(263)
745 3 1 1
fi=(243)
48 7 0 0 1
cob=(2)
cfi=(155)
cfn=(762)
calls=21 3319 
* 33 6 1
fe=(233)

fl=(250)
fn=(864)
cfn=(1544) attribute_boundary_probe::before_consume
calls=1 887 
1031 100857 13869 563 1761 9

fn=(1544)
887 9
fi=(236)
1916 2
fi=(254) /rustc/59807616e1fa2540724bfbac14d7976d7e4a3860/library/core/src/iter/range.rs
772 1 1
0 20 1
fi=(243)
0 1
fi=(174)
2533 3
fe=(250)
845 2
fi=(174)
2457 4
fi=(236)
1916 3
fi=(254)
772 1 1
0 2
fi=(174)
844 2
fi=(309)
155 13
-2 20
0 64
fi=(174)
2533 128
fe=(250)
822 64
fi=(174)
2533 128
fe=(250)
822 192
-5 128
+1 192
cfi=(309)
cfn=(1258)
calls=64 486 
* 98298 13631 540 1757 6
* 3
cfi=(309)
cfn=(1258)
calls=1 486 
* 272 39 2 4 3
* 452 129 10
+1 384
fi=(283) /rustc/59807616e1fa2540724bfbac14d7976d7e4a3860/library/core/src/hint.rs
491 192
fi=(310)
350 64
fi=(324) /home/zhuhe/.cargo/registry/src/index.crates.io-1949cf8c6b5b557f/quick-xml-0.41.0/src/name.rs
207 64
fi=(233)
805 128 64 9
fe=(250)
0 1
fi=(252) /rustc/59807616e1fa2540724bfbac14d7976d7e4a3860/library/alloc/src/raw_vec/mod.rs
632 3 1
fi=(233)
805 5 2 2
0 1
fi=(283)
491 3
fe=(250)
899 8

fl=(311)
fn=(1304)
1046 704
1504 192 64
0 126
fi=(313)
641 315
396 126
fi=(312)
225 189
0 63
fi=(180)
1720 63
fi=(277)
180 63 63
fi=(313)
396 104
fi=(312)
225 156
0 52
fi=(180)
1720 52
fi=(277)
180 52 52
fi=(180)
1720 485
fi=(277)
180 485 485 48
fi=(180)
659 547
fi=(312)
226 1094
fi=(264)
+91 2188
+8 547 0 0 547
cob=(2)
cfi=(293)
cfn=(1130)
calls=10393 73 
* 11908 2188 46
* 547
+1 1094
fi=(236)
2011 2188
fi=(312)
226 2921 609 64
0 398
fi=(313)
731 106 53 6
fi=(312)
0 62
fi=(313)
731 124 62 16
0 52
fi=(233)
1717 52
fi=(312)
57 52
fi=(243)
-43 2 0 0 1
cob=(2)
cfi=(155)
cfn=(650)
calls=19 3283 
* 30 6 1
fi=(245)
581 2 1
fi=(233)
1917 1
fi=(263)
1726 2
fi=(313)
671 2
fi=(315) /rustc/59807616e1fa2540724bfbac14d7976d7e4a3860/library/core/src/mem/maybe_uninit.rs
564 3
fi=(314) /rustc/59807616e1fa2540724bfbac14d7976d7e4a3860/library/alloc/src/collections/btree/map/entry.rs
422 1
fe=(311)
1057 8
fi=(314)
422 63
fe=(311)
1057 504
fi=(313)
-95 126 63 7
fi=(239) /rustc/59807616e1fa2540724bfbac14d7976d7e4a3860/library/core/src/ptr/mut_ptr.rs
-1 168
fi=(313)
1827 146 56 2
fi=(239)
961 68
fi=(313)
1828 68
fi=(233)
638 204 0 0 34
cob=(2)
cfi=(211) ./string/../sysdeps/x86_64/multiarch/memmove-vec-unaligned-erms.S
cfn=(728) __memcpy_avx_unaligned_erms
calls=646 255 
* 551 113 8
* 34
fi=(315)
-74 102
fi=(239)
961 170
fi=(233)
638 102 0 0 34
cob=(2)
cfi=(211)
cfn=(728)
calls=646 255 
* 411 75 4
* 68
fi=(313)
918 14 7 1
0 2
918 1
0 22
fi=(315)
564 66
0 22
fi=(313)
935 44
fi=(315)
564 22
fi=(313)
940 22
fi=(250)
0 22
fi=(315)
0 34
fi=(313)
935 68
fi=(315)
564 34
fi=(313)
940 34
fi=(250)
0 34
fi=(313)
917 16 11 2
0 6
917 1
+4 12
fi=(243)
14 8 0 0 4
cob=(2)
cfi=(155)
cfn=(650)
calls=76 3283 
* 120 24 2
* 6 0 0 3 1
cob=(2)
cfi=(155)
cfn=(650)
calls=57 3283 
* 90 18 1
fi=(245)
581 14 7
0 14
fi=(233)
1917 14
fi=(313)
290 7
1224 21
+1 14
fi=(174)
923 7 7
fi=(233)
1717 7
fi=(276)
266 14
fi=(233)
1717 28
fi=(313)
1231 7
fi=(276)
101 14
fi=(233)
547 28 0 0 7
cob=(2)
cfi=(211)
cfn=(728)
calls=133 255 
* 114 23 6
* 7
fi=(276)
101 14
fi=(313)
1236 7
fi=(233)
547 21 0 0 7
cob=(2)
cfi=(211)
cfn=(728)
calls=133 255 
* 84 14
* 7
fi=(313)
1239 7
970 21
290 7
fi=(239)
961 21
fi=(313)
1827 19 7 2
fi=(239)
961 10
fi=(313)
1828 15
fi=(233)
638 20 0 0 5
cob=(2)
cfi=(211)
cfn=(728)
calls=95 255 
* 68 13 3
* 5
fi=(315)
-74 10
fi=(239)
961 25
fi=(233)
638 10 0 0 5
cob=(2)
cfi=(211)
cfn=(728)
calls=95 255 
* 62 12
* 15
0 2
fi=(315)
564 4
fi=(313)
935 4
fi=(315)
564 2
fi=(313)
940 2
338 2
fi=(263)
745 4 2
fi=(313)
935 10
fi=(315)
564 5
fi=(313)
940 5
338 5
fi=(263)
745 10 5 1
0 30
fi=(313)
342 6
-52 30
1029 6 6 1
fi=(254)
0 2
fi=(243)
14 2 0 0 1
cob=(2)
cfi=(155)
cfn=(650)
calls=19 3283 
* 30 6
fi=(245)
581 2 1
fi=(313)
0 1
fi=(233)
1917 3
fi=(315)
564 1
fi=(313)
240 2
fi=(263)
1014 1 1
fi=(313)
575 1
fi=(315)
-11 2
fi=(233)
1917 2
fi=(313)
694 2 1
+5 2
fi=(315)
564 5
fi=(313)
+11 1
fi=(315)
-11 2
fi=(313)
1090 1
0 6
1005 6
1827 6
fi=(239)
961 18
fi=(313)
1827 12 6
0 2
fi=(239)
961 6
fi=(313)
1828 6
fi=(233)
638 10 0 0 2
cob=(2)
cfi=(211)
cfn=(728)
calls=38 255 
* 22 4
* 2
fi=(315)
-74 6
fi=(239)
961 16
fi=(233)
638 8 0 0 2
cob=(2)
cfi=(211)
cfn=(728)
calls=38 255 
* 26 6
* 4
fi=(315)
-74 4
fi=(239)
961 10
fi=(233)
638 4 0 0 2
cob=(2)
cfi=(211)
cfn=(728)
calls=38 255 
* 26 6
* 10
fi=(315)
-74 12
0 4
fi=(313)
1010 4
fi=(315)
564 4
fi=(313)
1011 4
fi=(236)
1916 4
fi=(254)
772 4 4
fi=(315)
0 2
fi=(313)
1010 2
fi=(315)
564 2
fi=(313)
1011 2
fi=(236)
1916 2
fi=(254)
772 38 8
0 6
772 18
fi=(233)
1717 6
fi=(313)
575 6
fi=(315)
-11 12
fi=(254)
772 18 6
fi=(233)
1717 2
fi=(313)
575 2
fi=(315)
-11 4
fi=(254)
772 24 8
fe=(311)

ob=(2)
fl=(211)
fn=(728)
255 98
+1 98
+6 98
+1 98 98 11
+2 70
+1 70
+1 70 70 8
+3 51
+1 51
+1 51
+3 102
+30 28
+1 28 28
+2 13
+1 13 13
+33 15
+1 15
+1 15
+1 15
+2 15
+17 13
+1 13
+1 13
+1 13
+1 13
+7 19
+1 19
+1 19
+1 19
+1 19
+1 19
+1 38
+5 19
+1 19 19
+5 19
+1 19 19 2
+2 19
+1 19
+1 19 19

fl=(165)
fn=(566)
cfi=(168) ./csu/../sysdeps/nptl/libc_start_call_main.h
cfn=(588) (below main)
calls=0 30 
360 100857 13869 563 1761 9

fl=(293)
fn=(1130)
73 1384
+7 1384
+1 1384 1384 2
+75 1295
+10 1295
+1 1295
+1 1295
+3 2590
401 1384
+1 1384 1384
+5 1384
+1 1384
+1 1384
+1 1384
+1 1384 1384 6
+3 1384
+1 1384
+1 1384
+1 1384
+3 1384
+1 1384 1384 95
+1 89
+1 178

fl=(155)
fn=(650)
3283 11
1269 22 11
+19 11
3287 11
1288 33 11 1
3287 22 11 3
+2 33
+2 22 11
+2 66 11 1
3030 22 11
+4 44
+4 11
+1 11
3294 11

fn=(762)
3319 11
+3 22 11
+15 22 11
-4 33
+8 33 11
+6 33 11
+6 11
-3 22
+3 11
-3 11
+1 22 11
+2 33 11 2
3007 11
+8 11
-12 11
+4 33
+1 11
+7 11
3354 11

fl=(168)
fn=(588)
cob=(6)
cfi=(164)
cfn=(596)
calls=0 0 
59 100857 13869 563 1761 9

ob=(1) /usr/lib/x86_64-linux-gnu/ld-linux-x86-64.so.2
fl=(1) ???
fn=(0) 0x0000000000023cc0
cob=(6)
cfi=(164)
cfn=(564)
calls=0 0 
0 100857 13869 563 1761 9

totals: 100857 13869 563 1761 9
