1	30
3	48
4	75
6	13
7	20
8	136
9	101
10	24
11	24
12	12
13	24
14	68
15	26
16	85
18	32
19	22
20	20
21	16
23	32
24	94
25	160
26	24
27	8
28	16
29	2
32	193
33	160
35	16
36	4
39	10
40	50
41	2
42	2
43	34
44	38
45	2
46	36
48	44
49	1
51	2
53	2
54	2
55	2
56	56
57	2
58	4
60	2
64	97
67	2
70	6
73	28
74	10
77	16
78	8
80	4
82	4
96	2
104	2
112	30
116	10
120	1
128	27
132	1
136	2
148	6
149	2
152	3
156	8
192	2
198	16
212	6
216	8
224	16
240	1
256	1
272	14
280	2
296	2
308	2
311	2
312	3
328	1
368	2
400	2
404	2
408	4
416	2
425	2
432	8
472	1
512	1
544	7
600	2
604	2
624	2
628	2
672	2
792	2
800	4
816	6
847	2
1016	2
1024	2
1072	6
1138	2
1218	2
1224	4
1240	2
1280	2
1584	4
1904	2
2208	2
3632	2
4276	2
6847	2
6870	2
6871	2
6910	2
8192	2
8536	2
16240	2
16384	2
24576	2
32768	20
40960	2
47552	18
49152	2
57344	2
63295	2
65536	2
68489	6
73728	3
81920	2
90112	2
98304	2
106496	2
114688	2
122880	2
131072	2
139264	2
147456	2
155648	2
163840	2
172032	2
180224	2
188416	2
196608	2
204800	2
212992	2
221184	2
229376	2
237568	2
245760	2
253952	2
262144	2
270336	2
278528	2
286720	2
294912	2
303104	2
311296	2
319488	2
327680	2
335872	2
344064	2
352256	2
360448	2
368640	2
376832	2
385024	2
393216	2
401408	2
409600	2
417792	2
425984	2
434176	2
442368	2
450560	2
458752	2
466944	2
475136	2
483328	2
491520	2
499712	2
507904	2
516096	2
524288	2
532480	2
540672	2
548864	2
557056	2
565248	2
573440	2
581632	2
589824	2
598016	2
606208	2
614400	2
622592	2
630784	2
638976	2
647168	2
655360	2
663552	2
671744	2
679936	2
688128	2
696320	2
704512	2
712704	2
720896	2
729088	2
737280	2
745472	2
753664	2
761856	2
770048	2
778240	2
786432	2
794624	2
802816	2
811008	2
819200	2
827392	2
835584	2
843776	2
851968	2
860160	2
868352	2
876544	2
884736	2
892928	2
901120	2
909312	2
917504	2
925696	2
933888	2
942080	2
950272	2
958464	2
966656	2
974848	2
983040	2
991232	2
999424	2
1007616	2
1015808	2
1024000	2
1032192	2
1040384	2
1048576	2
1056768	2
1064960	2
1073152	2
1081344	2
1089536	2
1097728	2
1105920	2
1114112	2
1122304	2
1130496	2
1138688	2
1146880	2
1155072	2
1163264	2
1171456	2
1179648	2
1187840	2
1196032	2
1204224	2
1212416	2
1220608	2
1228800	2
1236992	2
1245184	2
1253376	2
1261568	2
1269760	2
1277952	2
1286144	2
1294336	2
1302528	2
1310720	2
1318912	2
1327104	2
1335296	2
1343488	2
1351680	2
1359872	2
1368064	2
1376256	2
1384448	2
1392640	2
1400832	2
1409024	2
1417216	2
1425408	2
1433600	2
1441792	2
1449984	2
1458176	2
1466368	2
1474560	2
1482752	2
1490944	2
1499136	2
1507328	2
1515520	2
1523712	2
1531904	2
1540096	2
1548288	2
1556480	2
1564672	2
1572864	2
1581056	2
1589248	2
1597440	2
1605632	2
1613824	2
1622016	2
1630208	2
1638400	2
1646592	2
1654784	2
1662976	2
1671168	2
1679360	2
1687552	2
1695744	2
1703936	2
1712128	2
1720320	2
1728512	2
1736704	2
1744896	2
1753088	2
1761280	2
1769472	2
1777664	2
1785856	2
1794048	2
1802240	2
1810432	2
1818624	2
1826816	2
1835008	2
1843200	2
1851392	2
1859584	2
1867776	2
1875968	2
1884160	2
1892352	2
1900544	2
1908736	2
1916928	2
1925120	2
1933312	2
1941504	2
1949696	2
1957888	2
1966080	2
1974272	2
1982464	2
1990656	2
1998848	2
2007040	2
2015232	2
2023424	2
2031616	2
2039808	2
2048000	2
2056192	2
2064384	2
2072576	2
2080768	2
2088960	2
2097152	2
2105344	2
2113536	2
2121728	2
2129920	2
2138112	2
2146304	2
2154496	2
2162688	2
2170880	2
2179072	2
2187264	2
2195456	2
2203648	2
2211840	2
2220032	2
2228224	2
2236416	2
2244608	2
2252800	2
2260992	2
2269184	2
2277376	2
2285568	2
2293760	2
2301952	2
2310144	2
2318336	2
2326528	2
2334720	2
2342912	2
2351104	2
2359296	2
2367488	2
2375680	2
2383872	2
2392064	2
2400256	2
2408448	2
2416640	2
2424832	2
2433024	2
2441216	2
2449408	2
2457600	2
2465792	2
2473984	2
2482176	2
2490368	2
2498560	2
2506752	2
2514944	2
2523136	2
2531328	2
2539520	2
2547712	2
2555904	2
2564096	2
2572288	2
2580480	2
2588672	2
2596864	2
2605056	2
2613248	2
2621440	2
2629632	2
2637824	2
2646016	2
2654208	2
2662400	2
2670592	2
2678784	2
2686976	2
2695168	2
2703360	2
2711552	2
2719744	2
2727936	2
2736128	2
2744320	2
2752512	2
2760704	2
2768896	2
2777088	2
2785280	2
2793472	2
2801664	2
2809856	2
2818048	2
2826240	2
2834432	2
2842624	2
2850816	2
2859008	2
2867200	2
2875392	2
2883584	2
2891776	2
2899968	2
2908160	2
2916352	2
2924544	2
2932736	2
2940928	2
2949120	2
2957312	2
2965504	2
2973696	2
2981888	2
2990080	2
2998272	2
3006464	2
3014656	2
3022848	2
3031040	2
3039232	2
3047424	2
3055616	2
3063808	2
3072000	2
3080192	2
3088384	2
3096576	2
3104768	2
3112960	2
3121152	2
3129344	2
3137536	2
3145728	2
3153920	2
3162112	2
3170304	2
3178496	2
3186688	2
3194880	2
3203072	2
3211264	2
3219456	2
3227648	2
3235840	2
3244032	2
3252224	2
3260416	2
3268608	2
3276800	2
3284992	2
3293184	2
3301376	2
3309568	2
3317760	2
3325952	2
3334144	2
3342336	2
3350528	2
3358720	2
3366912	2
3375104	2
3383296	2
3391488	2
3399680	2
3407872	2
3416064	2
3424256	2
3432448	2
3440640	2
3448832	2
3457024	2
3465216	2
3473408	2
3481600	2
3489792	2
3497984	2
3506176	2
3514368	2
3522560	2
3530752	2
3538944	2
3547136	2
3555328	2
3563520	2
3571712	2
3579904	2
3588096	2
3596288	2
3604480	2
3612672	2
3620864	2
3629056	2
3637248	2
3645440	2
3653632	2
3661824	2
3670016	2
3678208	2
3686400	2
3694592	2
3702784	2
3710976	2
3719168	2
3727360	2
3735552	2
3743744	2
3751936	2
3760128	2
3768320	2
3776512	2
3784704	2
3792896	2
3801088	2
3809280	2
3817472	2
3825664	2
3833856	2
3842048	2
3850240	2
3858432	2
3866624	2
3874816	2
3883008	2
3891200	2
3899392	2
3907584	2
3915776	2
3923968	2
3932160	2
3940352	2
3948544	2
3956736	2
3964928	2
3973120	2
3981312	2
3989504	2
3997696	2
4005888	2
4014080	2
4022272	2
4030464	2
4038656	2
4046848	2
4055040	2
4063232	2
4071424	2
4079616	2
4087808	2
4096000	2
4104192	2
4112384	2
4120576	2
4128768	2
4136960	2
4145152	2
4153344	2
4161536	2
4169728	2
4177920	2
4186112	2
4194304	2
4202496	2
4210688	2
4218880	2
4226429	3
