126201
126641
126771
126861
126970
127060
127081
127290
127291
127561
127610
127621
127670
127711
127741
127751
127801
127821
127891
127951
128071
128121
128151
128241
128351
128521
128521
128540
128630
128670
128701
128761
128771
128800
128961
129100
129310
129330
129360
129431
129521
129531
129611
129620
129671
129750
129781
129800
129801
129821
130181
130190
130241
130270
130271
130391
130421
130561
130600
130621
130641
130801
130820
130851
130890
130931
131030
131100
131141
131241
131261
131270
131281
131411
131611
131641
132061
132100
132121
132130
132131
132151
132601
133180
133191
133230
133561
133661
133891
134221
134271
134631
135181
135941
136671
136981
141600
143040
144961
146791
