125700
126341
126461
126501
126641
126781
126940
126961
127010
127011
127021
127051
127081
127101
127190
127201
127241
127271
127271
127350
127371
127480
127511
127601
127631
127701
127711
127720
127730
127760
127800
127931
127941
127991
128090
128101
128121
128240
128261
128281
128330
128351
128361
128381
128401
128441
128480
128551
128601
128721
128850
128861
128891
128951
129130
129191
129381
129421
129451
129461
129470
129491
129560
129600
129721
129951
130130
130200
130201
130241
130601
130671
130691
130800
131051
131061
131371
131381
131551
131621
131681
132551
133611
133841
133990
134170
134411
134820
136021
136071
136461
136741
136960
137161
138411
139931
140881
141361
142701
144561
