125751
125830
126000
126050
126080
126191
126231
126280
126310
126460
126761
126810
126931
126961
127091
127111
127261
127271
127421
127461
127571
127601
127611
127701
127701
127750
127820
127851
127890
128001
128141
128201
128250
128281
128351
128390
128510
128550
128611
128680
128681
128711
128771
128821
128891
128961
128991
129041
129101
129151
129201
129260
129270
129401
129411
129441
129461
129481
129511
129620
129621
129690
129761
129791
129850
129851
129901
130021
130141
130191
130371
130441
130621
130810
130890
130891
130930
130960
131181
131401
132021
132241
132970
134100
135380
135450
135761
137221
137411
137491
137571
138271
138401
141161
141811
142030
144131
145880
147471
162961
