125451
126021
126210
126281
126530
126631
126681
126721
127060
127301
127460
127641
127901
128091
128101
128231
128250
128401
128411
128421
128441
128561
128571
128601
128671
128680
128711
128720
128731
128761
128771
128831
128880
128901
128911
128970
129011
129031
129091
129151
129201
129281
129400
129480
129540
129720
129741
129780
129781
130030
130120
130161
130181
130251
130320
130350
130361
130481
130640
130650
130651
130661
130681
130740
130751
130800
130801
130880
130971
131201
131801
131841
132001
132250
132741
132801
132801
132861
134000
134300
134431
134691
134761
135081
135121
135961
136071
136141
136651
136730
136930
136940
137880
138171
139741
140670
142021
143580
145681
148521
