7679919
7679958
7683909
7695239
7750609
7703488
7689369
7690009
7669348
7703089
7675069
7675078
7693819
7650009
7659368
7655699
7655788
7677649
7650298
7689189
7653558
7657539
7687419
7625758
7663029
7655998
7677669
7632318
7627918
7629709
7642878
7668699
7632688
7657899
7638278
7634419
7650498
7646729
7645668
7628178
7628389
7652618
7656799
7621548
7632169
7650448
7638479
7626938
7664088
7659479
7634518
7666429
7667128
7661859
7682069
7636708
7660329
7636638
7631658
7655259
7641858
7652689
7648848
7633639
7657328
7649849
7616328
7662089
7633458
7649109
7657538
7651188
7649339
7728579
7628458
7634189
7631248
7629848
7608759
7666748
7698339
7674759
7668478
7692389
7700119
7681668
7686709
7699899
7684098
7708819
7659029
7669268
7674139
7662729
7660908
7677229
7679668
7657599
7641398
7644139
7653298
7656029
7619878
7646209
7625178
7592548
7615028
7627959
7588088
7596378
7599058
7615039
7612028
7610898
7656269
7605208
7627529
7627808
7678939
7621868
