7887270
7865750
7843049
7825959
7795670
7769619
7768439
7778249
7789899
7792449
7773080
7761309
7712538
7728159
7785750
7755639
7763489
7761759
7779799
7767649
7860739
7776990
7727739
7736098
7713949
7830840
7797139
7744289
7718429
7742009
7792899
8170931
7789429
7821990
7789079
7819569
7776869
7874070
7916020
7907089
7883039
7967170
7916470
7968170
7942150
7925250
7921780
7914680
7910959
7921290
7879510
7941000
7902810
7906099
7910619
7900060
7853330
7874369
7887570
7883420
7820619
7850969
7864850
7878780
7825819
7853359
7832690
7828959
7877670
7866379
7882550
7867320
7873539
7837730
7839069
7869400
7849049
7837970
7849269
7823379
7839790
7860499
7842080
7852199
7895790
7832789
7845540
7829449
7838360
7855329
7814580
7849849
7834739
7817690
7845039
7823080
7869419
7798519
7822649
7811019
7811099
7892960
7782399
7753829
7751289
7768949
7735259
7740389
7717159
7709639
7751259
7727769
7741699
7746439
7835709
7816479
7806480
7758329
7742569
7726749
