7815659
7784239
7789940
7782169
7825299
7784709
7776829
7769190
7765189
7781399
7762739
7755329
7740039
7755099
7749889
7747399
7764319
7786899
7752899
7746109
7749389
7793379
7847710
7795999
7802619
7787009
7782209
7800250
7786099
7801889
7766399
7766499
7769839
7784589
7793040
7800359
7798409
7783619
7786490
7759579
7777099
7853749
7783799
7790079
7772720
7756629
7770149
7754889
7761619
7773239
7796219
7776689
7795739
7732949
7738109
7762359
7788500
7748378
7741769
7737689
7753059
7844710
7765309
7765469
7749559
7745269
7740879
7833629
7749389
7742939
7738539
7599738
7635509
7601508
7583428
7597478
7630479
7636898
7682459
7669849
7655318
7657029
7656928
7640369
7635868
7670228
7654348
7654509
7635358
7619128
7634219
7618898
7639668
7630169
7655478
7671669
7636168
7648539
7636628
7625299
7620628
7628978
7617219
7683298
7633539
7644708
7659169
7680728
7686109
7649259
7661058
7653119
7647248
7661739
7630248
7658528
7677689
7662329
7669548
7667959
