7893250
7903500
7915239
7881610
7891070
7889909
7886380
7894080
7893350
7907729
7900530
7922190
7923820
7889480
7900099
7908060
7885360
7925109
7925970
7900820
7904010
7902040
7980680
7912100
7944030
7936129
7948731
7996060
7914879
7946880
7923539
7895440
7926880
7969070
7917090
7908260
7905999
7908870
7919000
7954780
7924380
7945160
7899220
7909629
7916620
7922320
7923310
7904420
7918170
7908449
7939590
7903110
7906690
8016730
8000040
7979351
7915669
7942090
7923860
8019901
7979630
7985680
7964690
7964550
7968660
7955550
7964890
7999080
7968741
7971020
7985000
7971950
7960500
7991780
7934530
7965060
7988540
8013801
8014990
8028690
7972771
7977240
7944240
7984070
7965940
7972060
7944160
8004570
7950150
8022331
7945150
8001190
7942890
8010840
7940530
7970060
7971200
7953870
7989570
7988251
7974850
7997970
8007930
7980170
7922010
7972640
7948040
8022921
7973620
7982300
7945290
7963310
7988440
7976770
7958690
7978340
8003701
7979100
7987840
7960590
