1059085
1057006
1036125
1037375
1026435
1029875
1023556
1031125
1050615
1022465
1023565
1039286
1028955
1020055
1039675
1044396
1051385
1063165
1050696
1097655
1060236
1096575
1069665
1051605
1045495
1042765
1041816
1036535
1038175
1040685
1051176
1043845
1050685
1060436
1055535
1059605
1047456
1043175
1037425
1031305
1021305
1023836
1033305
1021695
1026935
1030655
1019036
1021245
1020825
1032775
1024925
1025555
1026156
1041505
1034075
1043435
1043686
1036115
1026505
1027275
1045426
1039115
1040645
1036765
1046956
1046985
1052665
1061426
1045015
1042575
1028745
1024565
1034236
1024425
1024975
1025175
1038555
1026396
1034295
1034485
1038175
1023865
1022266
1029385
1028665
1037955
1025915
1026136
1031445
1033175
1026525
1025555
1030186
1027695
1026525
1030845
1033265
1025426
1028975
1029805
1025065
1023025
1030045
1035005
1025575
1023925
1022525
1029895
1026295
1024095
1024705
1028405
1032255
1027246
1030355
1038005
1026595
1028635
1031706
1030725
