20114471
23367408
20866375
20758274
18133661
17671689
17510558
17476388
17491228
17494018
17503868
17456218
17495588
17454448
17385417
17464528
17436638
17438458
17515788
18946215
18119581
17530818
17465508
17439038
17486728
17443208
17404587
17450778
17437978
17453527
17462388
17513808
18333252
18930325
17876190
20957355
19867940
18545343
19343198
17762069
17960470
17709119
17837590
17680029
17496228
17462988
17459428
17515668
17555468
17500658
17507668
17526738
17523579
17688199
18261631
17771920
17671379
17675649
17606498
17711509
17675329
17674129
17566448
17659099
17715579
17794710
18543233
21381058
18416022
18129101
21743590
19402587
19313328
21212116
19383148
19450088
17990240
18020311
17650529
17736999
17707659
17641189
17740539
17953730
17624049
17598728
17653759
17640899
17787879
17650579
17678239
17837480
17682259
17656299
17680048
17575219
17654289
17623198
17666819
17632349
17600718
17604029
17528948
17558678
19281727
19745500
18281682
21285857
21144426
19230597
18437763
17915520
17855620
17656248
17630989
17605309
17631478
17617779
17583948
17750820
