1050036
1049685
1040635
1032006
1046485
1040705
1040825
1035856
1044975
1035805
1036515
1063966
1044305
1047195
1033825
1040116
1043945
1033915
1036715
1042656
1036625
1043075
1035965
1033345
1038646
1056485
1046835
1048166
1041615
1046345
1048905
1047166
1044395
1042205
1043095
1039815
1035975
1042845
1041986
1051765
1040425
1049395
1051486
1045575
1037545
1036426
1061945
1081445
1096006
1044935
1056936
1043205
1042445
1042955
1045846
1050485
1042005
1043985
1071056
1084025
1042346
1041365
1043375
1063885
1032076
1042905
1044355
1046356
1041205
1050275
1036075
1039376
1046755
1045525
1050835
1045556
1046705
1045115
1042206
1039735
1042545
1059455
1049186
1041525
1049525
1043606
1042535
1053455
1055685
1048876
1055275
1046775
1047756
1051035
1043525
1044776
1049105
1038165
1047475
1048086
1053755
1045345
1046696
1058655
1048645
1048625
1039246
1042005
1040315
1050806
1041365
1047775
1044615
1052356
1048715
1053925
1047726
1045445
1043615
1046415
