17664389
17686779
21826680
17961910
20084211
19762759
18644074
19673019
19312097
18653564
18670434
17827980
17983190
17580139
17493358
17541658
17521438
17472588
17535118
17565258
17500018
17503778
17579478
17464728
17469568
18258141
17895900
17521738
17457237
17587298
17480288
17527248
17491078
17528828
17618579
17463868
17557688
17543468
17514608
21173217
18876975
19054416
19412377
18606844
18726504
18279212
18820455
17973930
17677639
17550428
17629559
17628669
17522748
17506228
17521708
17651629
17563208
17587309
17514418
17587438
18198572
17821529
17608599
17638879
17517448
17474938
17572458
17519498
17631599
17636218
17512759
17553958
17503528
17519958
22269602
18203692
19937760
19784419
18805595
18715884
18997406
19429507
18863214
17801330
17909870
17608789
17589358
17533378
17523568
17533049
17775419
17545348
17543849
17508518
17524048
17579368
17539118
17817760
17896800
17548508
17364228
17398297
17334137
17420378
17334447
17334857
17313917
17362018
17348397
17310777
17350927
18682574
21086326
19421077
21195217
19087196
18280302
18982465
18588094
18154781
