1028926
1037885
1023485
1044365
1030035
1031236
1024255
1027545
1029335
1030295
1020306
1029635
1033005
1031445
1019685
1026095
1021146
1032755
1037375
1033865
1026136
1038485
1033265
1024015
1027925
1032666
1039455
1034005
1029805
1044365
1033086
1031245
1041255
1030935
1031065
1025696
1035065
1028715
1028195
1034295
1050216
1027465
1038675
1027095
1033686
1031175
1036165
1031255
1031805
1032176
1026185
1032765
1039225
1032005
1027856
1030195
1029205
1032385
1031375
1024635
1034036
1028515
1028045
1037555
1026115
1026366
1023485
1034695
1029345
1024395
1023785
1028355
1025365
1027765
1020955
1024405
1026536
1021175
1033755
1027525
1024005
1027945
1030016
1018165
1018005
1017155
1017835
1024215
1019965
1034506
1039845
1041075
1023675
1021605
1037206
1025715
1020535
1016295
1019285
1030515
1016696
1019455
1019685
1022005
1022275
1022915
1027465
1028376
1022145
1020945
1026265
1020345
1021145
1016536
1026565
1021635
1032285
1024285
1026195
1024476
