1047766
1034255
1020905
1029885
1028585
1027226
1024295
1024635
1034915
1026155
1023275
1029226
1025575
1025005
1025375
1030695
1020406
1031905
1024385
1023755
1043675
1031875
1027906
1022365
1028985
1022465
1029335
1032346
1025815
1023945
1021745
1021095
1029545
1019446
1025685
1031015
1030355
1024715
1020365
1026696
1033895
1023665
1023595
1029135
1027375
1024136
1029665
1027555
1030635
1020315
1027065
1028085
1027355
1023355
1023415
1023275
1025125
1023135
1026595
1026045
1027365
1026925
1025896
1031005
1027175
1025185
1026285
1028305
1030416
1028505
1022425
1031025
1025505
1020035
1025356
1030805
1023645
1027975
1025625
1032966
1021525
1026545
1021345
1039275
1028095
1025456
1025925
1039455
1030865
1023275
1028976
1032525
1025955
1028515
1035775
1026646
1021275
1024195
1034135
1021935
1024445
1030696
1031535
1029685
1026245
1030365
1022966
1026685
1020295
1024035
1032895
1023735
1024286
1028365
1042255
1028695
1031095
1035686
1038305
1023715
