18191802
21243436
20249321
19385058
21852630
19397477
19080036
18209352
18102671
17737199
17529578
17564069
17637059
17638208
17692809
17527748
17746360
17580018
17598589
17665198
17487848
17699349
18608984
17637809
17539588
17549918
17587309
17545128
17638039
17775969
17916970
17716429
17669069
17584829
17673879
17747859
20392512
18037351
23857840
19974891
21991780
18716314
17956981
18085441
17598968
17615199
17732639
17990241
17699209
18185781
19186727
17982530
18473893
18011961
17752619
17655349
19014505
17927260
17680889
17610829
17673519
17739729
17588529
17685128
17592689
17571278
17509519
17623618
17573259
17674298
22303523
18189211
21870880
19957700
19296658
21170786
19826910
19011595
18304342
18373832
18123331
17819240
17726309
17798529
17903230
17792059
17835690
17842909
17790470
17881640
17850180
17733779
17814259
18595584
17958340
17883960
17884810
17866970
17814030
17615198
17986891
17847210
17878250
17636198
17735229
17679969
18653624
20981176
19088086
21589188
19255547
19462048
18565523
17887150
17977171
17768919
17691679
17639419
17652779
17718189
