17834980
20753474
18060831
21242137
19736289
19100146
21167737
20231452
19784019
18312202
18249872
17957221
17782019
17707929
17754629
17619199
17867200
17892740
17812239
18010421
19834330
18233982
18303052
18405652
18264112
17950270
18156842
18276382
18000640
18259432
17843430
19128056
18283892
17798990
17829999
17836980
17569738
22882545
20548204
22292202
20080841
19670049
19453688
17750919
18026171
17578338
17612739
17529778
17473758
17535138
17564698
17584479
17640879
17631648
17592179
17561298
17604529
17643428
18435073
17680549
17720649
17581588
17650068
17706439
17656239
17667889
17614149
17723749
17689659
17597048
17582329
19869170
18576443
18400203
21937000
19837320
19519138
21652789
19244667
19439038
18089521
18002330
17789420
17733389
17722479
17821060
17794919
17781569
17661449
17670999
17745410
17683248
17674949
17773320
17926890
18191531
17673349
17752910
17772589
17729889
17695839
17763889
17774540
17728339
17797340
17808029
17786250
17772339
21606879
18438862
19311168
20192391
19297997
18933915
18413653
18399923
18058900
17778980
17717609
17743769
