178281
181831
178911
180361
186231
179351
178921
178501
177931
184981
178450
177731
177581
178361
177891
184171
179291
178471
179031
177931
185531
179370
178901
182551
178291
177591
184531
179131
178061
178221
177891
185700
178821
178051
178151
177721
177651
185961
178221
177851
177711
178271
178040
185281
178381
182141
178471
178191
184411
178251
177181
178151
177701
177891
185760
178580
177711
177361
177361
185221
178701
177931
178211
185451
179190
185051
178131
182141
178221
177331
183641
178271
177961
177861
178201
177811
210041
179861
178900
178511
177991
185361
178261
179011
177821
178251
177771
185941
178381
181671
178240
178201
184781
178791
178431
178171
178741
178691
185661
179421
178710
178831
178491
185081
179071
178501
178721
178461
177781
184411
178491
182571
178120
178801
186261
179281
179011
178631
178681
178551
