186931
179860
180640
185941
180681
187551
180921
180381
179821
179451
179361
186561
179571
179480
179051
178861
187191
180671
179881
179891
179881
179591
188011
180171
183411
179431
179040
199711
181321
179421
179791
179081
178861
185831
180001
178841
179231
179341
187031
179801
180040
180331
180111
180341
190941
180321
184121
180571
179741
187161
180481
180011
180460
180941
181111
192151
180371
180171
180751
181251
187431
180591
180161
188761
181211
197281
180771
180311
184040
180071
179801
186991
180211
180451
180921
180261
187341
181521
180401
180851
179970
180670
187981
180501
180661
180321
180181
188141
181521
180411
184201
179011
179571
180211
179920
180211
179531
190511
187181
180061
179761
179461
179291
188381
179621
178781
179521
179471
179770
187151
179951
183571
179971
180671
187141
180751
180261
179751
179611
180371
