178921
177661
182151
179561
178090
185701
177821
177861
177991
177531
184801
178041
176981
177321
177201
177210
198901
178911
177841
177431
177651
184021
178651
178001
182491
178361
177350
185611
178441
177801
177371
178171
184551
178481
178231
178021
177741
177440
187181
178011
178001
178251
177611
184091
178491
177811
181611
177401
177431
184550
177761
177821
177511
177371
184681
178311
177441
177311
177020
177950
184411
178031
177321
185711
179191
184761
178611
178591
182021
178911
177881
185660
178090
177871
177481
178341
192081
179071
177601
177941
177461
177621
184481
178530
177601
177561
177241
184521
178351
177691
181181
177621
177261
185061
177870
177921
178161
177771
183901
179141
178281
178221
177551
177841
184251
178230
178221
178231
177871
177411
185601
178371
181481
178681
178281
185001
178900
177670
178341
178231
