181941
181310
189091
183091
187611
181671
180881
190761
181361
180871
180601
180681
179961
189041
181080
181041
180951
181381
190501
180961
181871
180871
180511
180151
189781
180251
184541
180331
179960
220972
181810
179890
179481
179261
186951
180541
179211
179351
178521
179031
187241
180590
179571
179641
179591
186241
180241
179541
183311
179141
179011
188831
179111
179091
179630
179301
185951
179401
179381
179381
178601
178511
186531
186991
179891
179551
178491
185970
179351
177941
183271
178941
178941
186731
179291
178941
179701
179521
187660
180591
179511
178821
178721
179311
186171
179011
178821
179401
179061
184881
179450
179010
184301
179411
179711
187261
179681
179781
179231
179921
186411
179551
179371
179591
179480
186191
180901
179881
179091
178941
178981
186921
179801
183821
180741
180230
186581
179901
179091
179261
