48090
48970
47890
47471
48420
48030
47920
47511
48020
47760
48270
47991
47790
47540
47540
47421
47620
54960
48110
48121
48020
47490
47500
47851
47660
47660
47700
47631
47490
47580
47510
47101
47870
47770
47890
47751
47870
47680
68800
47631
47810
47850
47400
47831
47800
47870
47740
52221
47520
47540
47260
47571
47520
48000
47440
47350
47421
48010
54750
47410
47221
47340
47800
47780
47731
47740
48010
47730
47321
47360
47660
47310
47791
47710
47290
47510
48141
47760
55860
48040
48001
47960
47650
47730
47790
47821
47860
47830
47730
47861
47590
47560
47650
47531
47780
47740
47540
47981
55260
48110
48050
47671
47860
47970
47770
47841
47980
47630
47700
47881
47260
47790
47870
47591
47720
47850
47690
47621
47710
48130
