134251
138320
134211
139881
133590
134020
133941
133890
133821
133801
140211
133970
133771
133881
133730
134261
133981
139670
134011
133931
134040
137981
133651
133580
133801
151281
133880
133911
133771
133680
133821
134001
140040
134011
133741
133790
133801
133771
133760
140071
133801
133810
134091
134051
133900
133661
133771
139541
133760
133561
136760
133550
133871
133780
145001
133881
133741
133700
133711
133640
133880
139591
133831
133730
133701
133850
133931
134111
133940
139701
133991
133861
134160
133721
133741
134120
139641
134311
134250
134041
136671
133960
133861
140801
134170
134111
133921
133930
133841
133881
133800
141571
133901
133740
134061
133621
133680
133841
139661
133690
133821
133961
133630
133721
133601
133760
139981
133751
133930
136531
133761
133840
133911
140401
133940
134251
133891
133820
133851
133851
