126781
126910
126601
126331
126440
125751
126091
131600
125851
125900
126041
126371
126120
125841
125671
148500
126431
126001
128640
125691
125930
126181
132351
126250
126181
126091
126450
126161
126020
125951
131511
125830
126541
126121
126120
125991
125921
126100
132761
126581
126680
125751
125990
125911
126131
126050
133271
126371
126220
130711
126360
126071
126471
132110
126421
125841
125800
125851
125760
125971
126101
132250
126731
126031
126250
125811
125841
126160
125841
131781
125800
125851
126310
125871
126231
125880
126141
138341
125840
126061
125850
130231
126271
126020
126401
135571
126610
126271
126090
126581
126231
126280
132211
126371
126180
126511
126161
125920
126381
126181
132450
126291
126210
125991
126391
126610
126661
126391
132300
126321
126310
126071
129591
126070
126311
125971
132010
125981
125940
126061
