132891
126000
125351
125701
128710
124611
124621
124700
131801
125070
124171
125331
124660
125061
124251
124680
130641
124830
125171
125011
125500
124431
124501
124730
130801
124660
124791
125001
124900
124681
124701
125150
129941
124561
124160
124521
127970
124501
124741
124300
130691
124820
124831
124171
124970
124411
124881
125210
131861
125220
125301
124691
124760
125251
125341
124770
130521
124990
124671
124571
123970
124901
124011
131770
124831
124211
125210
127521
124460
125411
125191
137870
125441
124861
125030
125101
125070
124751
125231
131320
125321
125741
125660
125331
124240
124941
125101
131380
125581
125251
124930
124821
124610
125190
125001
131380
124531
125021
124300
127301
125021
125610
125701
132860
125111
125061
125050
124961
125041
125310
125401
131670
126901
125341
125150
124951
125201
125300
130871
125060
