120781
121460
121941
121560
121781
121481
129120
121501
121080
120941
121861
121810
121441
121301
127590
121881
121380
122031
122131
121470
120941
121060
127511
121161
121950
121671
124520
120771
121131
120580
127441
121980
121461
121361
121300
121231
121420
121411
126751
121000
121221
122101
121320
121631
121450
121131
126941
121630
120851
121420
121260
121501
121250
121321
127041
121480
121001
121420
125871
121761
120940
120621
137850
120901
121001
120770
121551
121300
121251
119721
121150
126501
120110
120551
120821
120100
120551
120391
121060
126681
120490
120481
120841
121090
120131
120790
120521
126821
120510
120511
121050
127471
120731
120790
121381
127190
120131
119991
119830
121131
119730
120731
120221
126160
120291
120290
120281
120101
120430
120601
119821
126690
121141
120110
120001
120371
120040
120491
120980
120861
