4267491
4271732
4263301
4264651
4273321
4267281
4266121
4268271
4263381
4263571
4265871
4266731
4257021
4255871
4274772
4260401
4260321
4259311
4255551
4269641
4259981
4257831
4261171
4255991
4254251
4255021
4262701
4257981
4256771
4256771
4268171
4260961
4260111
4258151
4264301
4257122
4269161
4255111
4260131
4255001
4259931
4252221
4258801
4258861
4253181
4262671
4251271
4254831
4251641
4266421
4258081
4256101
4255251
4263901
4258501
4253051
4259351
4258251
4253181
4255021
4253471
4263411
4258061
4260141
4255771
4264311
4257561
4259081
4251811
4261191
4249251
4254341
4248471
4258701
4251881
4250921
4261471
4261811
4264411
4261461
4268651
4256131
4260431
4256431
4255521
4251061
4253781
4254841
4260781
4256391
4257901
4253781
4262881
4256591
4256001
4257191
4260211
4258661
4255561
4258891
4251561
4253211
4255411
4256991
4255431
4252211
4251411
4262431
4252171
4260291
4254921
4258491
4251131
4254031
4252461
4258241
4259401
4248161
4249991
4253371
