163901
159341
157881
158461
158310
157931
164151
157681
157771
157780
157701
158171
163141
158231
157900
157801
158151
158211
157421
171870
157811
156891
160571
157411
157810
163751
158311
157701
157740
158521
157671
163681
158351
158080
157761
157601
157571
162951
158360
158431
157661
157921
157211
158110
165391
157961
162731
158651
157620
157721
163841
157441
157930
157561
157711
157221
164411
158230
158381
158751
158241
157910
164361
157461
157961
157911
157841
158150
157681
164991
157461
162801
157220
156991
157201
167011
157100
156791
156921
157041
157021
163000
157261
157311
157341
156830
157361
163451
157551
158001
156860
156791
157171
156771
162571
158040
158251
158911
157781
158341
163260
158031
158611
157891
157750
157001
162751
157671
158111
158200
158231
158221
163401
157731
157930
157791
157891
157601
157301
162870
