134651
145120
134431
134041
134120
134021
134241
134330
140031
134181
134571
134150
134131
134191
134370
140481
134311
134040
134321
138251
134910
134711
142171
134910
134491
134361
134710
134671
134411
134180
141011
134381
134610
134431
134271
134410
134531
144781
134460
134341
134511
134281
134440
134521
140011
134360
134231
134361
137510
134291
134281
134140
141851
134211
134100
134081
134071
133930
134141
140781
134400
134081
134291
134090
134211
134581
143910
134521
134421
134260
134301
134381
134320
134161
140341
134550
134391
136861
134600
134401
134411
140711
134340
134331
134410
134221
134301
134340
141291
134141
134151
134100
133921
133940
134170
134051
143441
134160
134051
134171
134140
134091
134031
140490
134501
134321
136630
134811
134311
134250
140401
134251
134050
134161
134151
133930
134191
133791
140110
134221
