125101
125470
124361
130121
124460
124521
123761
123660
124871
124610
123961
145411
123900
124171
126561
124040
124021
124071
124750
130461
125100
124191
124721
124050
123881
124170
124011
124101
124030
123761
123651
123530
124181
123780
129431
123751
123300
123571
123531
123630
123861
123960
129971
123761
124090
124131
128571
124900
124331
124460
128941
124121
124150
124581
123971
123780
123921
124290
131771
124501
123940
123901
123360
124121
123481
123710
140241
124171
123520
124161
124211
124230
124391
124250
130391
124071
124110
124311
127141
123450
124321
125040
130631
124331
124420
123871
124151
124360
123941
124260
130211
123821
123750
123511
123710
123821
124111
123920
129401
124451
123710
124041
124760
124791
125161
124400
130291
124541
124120
126571
125441
125040
126111
125070
130591
123931
124410
124591
124340
124461
