355372
362782
356331
354822
361032
355762
362351
355442
355622
361792
354991
360172
361452
354292
356322
361021
355912
354982
359522
355061
359472
354682
358282
360671
354931
355732
361252
355122
355431
362862
355682
355192
360571
361002
360832
355102
355952
360501
354792
355712
359522
354341
354842
361082
357352
361511
354432
354492
360002
355012
354861
363102
355332
355602
362011
358572
355612
363212
356501
362172
354942
356072
362002
356101
355002
362712
357572
355301
361262
354932
353812
359572
355251
360192
354492
355452
362431
359752
355812
363772
355591
354991
361002
354872
360582
355331
355162
362382
355172
358241
360772
355952
355282
360722
355441
355082
361542
355532
362061
355562
358272
361562
354991
355631
362632
355342
355762
361981
355452
355522
362212
357821
363262
355942
356352
362812
355641
355902
363162
355262
