164201
163610
164081
163941
170471
164271
163790
166081
163591
163651
170371
163771
164070
164271
164161
164011
170631
164370
164550
163851
164251
163921
169561
163451
163720
164431
163861
163611
163701
185340
163911
167431
164171
164381
170471
163950
163861
164121
164191
163541
169690
164361
163691
164201
163911
163891
170340
163951
163411
163891
163121
163511
170500
164271
163131
165451
162761
163570
163231
169131
163291
163131
162770
163421
162591
169051
162401
163011
162510
163541
163481
169561
162821
163971
163670
163121
163311
168461
163601
166930
163431
163581
163391
170281
162980
163171
163141
163621
164041
169981
163780
163561
162611
163851
162891
169571
163820
164121
163551
163561
162661
170540
162991
163181
165231
163221
162820
167841
163201
163231
162981
164241
164080
168921
164041
163271
163451
163071
163120
169381
