527173
524492
527713
521413
528442
521923
528942
525852
523163
527902
521873
526393
521622
528633
521372
529053
525342
527093
521283
528402
521393
527722
521603
527743
525272
527263
528713
520702
527073
520382
526933
525632
526103
520663
525942
520753
526102
521143
526743
524372
525433
519862
525923
521213
526342
521403
530122
527593
521633
526802
520783
527422
522223
526923
524032
527163
520632
527713
521323
525902
521363
527792
523303
527013
521422
526563
529132
521913
527613
523422
528153
520712
526343
520813
527792
520633
528472
525243
525613
520092
526423
520682
526783
520592
531573
526913
520312
527573
520822
526203
521723
528752
524633
526363
520512
527103
522122
526843
521292
527683
523583
527192
520883
527002
527713
520013
525762
522623
525852
521123
527733
521392
527383
521432
527813
524163
527412
520303
527192
520953
