80141
73020
72300
72691
72430
72291
72780
72910
72381
72380
72910
72731
72730
78530
72541
72570
72971
73170
72590
72351
72820
73370
73081
72600
72970
72271
72360
79811
72600
72790
72431
72550
72600
72741
72360
73091
72430
72590
72521
72870
78680
72521
72810
72321
72470
72680
72761
76710
72630
72941
72420
72300
72231
72390
79451
72750
72460
72541
72840
72600
72191
72430
72940
73481
72740
72871
72430
78910
73061
72880
72660
72751
72710
72570
72481
72140
72721
72330
72240
72911
72300
80150
72731
72760
72600
72321
72540
72591
72600
72700
72741
72830
72760
72741
79120
72571
72660
72380
72921
72830
75020
72841
72440
72341
72900
73320
73141
72730
79060
72741
72530
72600
73001
73080
72411
72350
72600
72281
72550
72970
