2147501
2155530
2146261
2149570
2151531
2157031
2146230
2149301
2151971
2150970
2151261
2156561
2152580
2145931
2150861
2148610
2150261
2145930
2154941
2148881
2149210
2151881
2148921
2151670
2157821
2150340
2150061
2151961
2149920
2149781
2147801
2159100
2146901
2150381
2153030
2155211
2156471
2156550
2153291
2145520
2156521
2148521
2153490
2150071
2159301
2149030
2155211
2153201
2150510
2150861
2154510
2152121
2147251
2151900
2149061
2151311
2150680
2155501
2147361
2149880
2149451
2146520
2151161
2145171
2182650
2148191
2152861
2148850
2151441
2147091
2156310
2148621
2151700
2151821
2148561
2151890
2147491
2160741
2151570
2153071
2148190
2152351
2149211
2155950
2148641
2151311
2149650
2150241
2149951
2147460
2160831
2147221
2152310
2159431
2156850
2146691
2158221
2147430
2151541
2151071
2148070
2153961
2147561
2165520
2150621
2153870
2149651
2149571
2148830
2156771
2148041
2151450
2151721
2151151
2152220
2146901
2156320
2145801
2150691
2144710
