157131
158321
156391
164661
157370
156951
159091
156801
156681
162930
156061
156961
157151
156961
156940
156431
162651
156831
156230
159551
156181
156971
163491
156990
156391
156321
156801
156630
163951
157441
157241
156621
156260
156391
155931
166641
156261
156330
156191
156791
155971
163120
156741
156851
161041
156621
156070
163021
156361
156701
156461
156610
157181
162031
156471
156360
157071
157461
156961
158551
164290
157011
157551
156861
156761
156540
164541
157551
156891
161701
156830
156941
162391
156641
156890
157361
157031
156461
156760
157130
156621
157191
156821
156981
157000
163971
156481
157121
156690
157021
156131
162391
156571
156510
160021
157451
157251
164271
156570
157131
157361
156511
157050
157401
164031
156511
156611
156390
156521
156831
162721
156881
156740
156141
155971
156341
163180
156911
156341
158781
