75991
77350
75821
80360
76050
76151
75710
76180
75531
81780
75891
76240
75910
76141
76950
75681
75970
76150
75931
76040
75680
75901
83010
76061
76780
76090
75501
75890
75781
75590
75710
75291
75690
76380
75831
81880
76461
76240
76040
75851
75470
75600
76331
75830
75421
75690
75750
75771
81870
75731
75690
76120
75801
75660
79200
75891
76020
75671
76090
76080
75841
82770
76041
75920
75590
75721
76630
76190
75941
75610
75911
76280
75700
76081
100630
76361
75830
75910
76341
76070
75871
76400
75450
75971
76210
75520
75961
82710
75651
75560
75740
75891
75670
75690
76231
76280
76401
75990
75960
82731
76480
75661
75840
75910
76171
79930
75731
75530
75580
75651
75780
75480
81611
75880
75921
75590
76140
75861
75890
76021
