126200
125971
126230
126331
126411
125900
126421
133941
126310
126021
126311
125780
126421
126120
126161
137961
125600
125991
125921
126320
126441
125941
125910
133381
125940
125891
128581
125870
125831
126101
132130
126011
126260
126121
125861
125590
125701
125861
132030
126181
126761
126240
125861
126100
126231
125961
132060
126171
126151
126130
126101
126041
125970
126081
133720
125961
126011
129930
126111
126051
126250
126651
132040
126141
126191
125930
126091
125801
125910
131381
126111
126110
125721
125600
125801
125571
125620
132171
125931
125600
125581
125510
125461
125471
125780
131651
125901
125770
125571
128550
125921
125681
125990
133041
126171
126910
126291
126111
126300
126221
126301
134130
125931
126020
126111
126481
125880
125681
132021
126120
125871
125700
126381
126011
125930
125721
132861
125670
125971
126060
