52540
49201
47990
47880
48600
47751
47860
47700
48350
47990
53990
48080
48110
48000
47761
47820
48020
47600
48181
47760
48040
48090
48231
48050
48160
48100
48161
47910
47900
47640
47651
53820
48130
47970
48021
48550
47920
47890
48151
47950
47980
47800
47981
47620
48140
47800
48170
48231
48170
48220
48170
53711
47750
47910
47610
47601
47810
47850
48020
47651
47840
47810
47820
47941
48000
47750
48430
47941
47840
48270
47980
54801
48120
48250
48030
48101
47970
48100
47900
47901
47780
52540
47810
48141
47870
48120
48010
48071
47990
47980
48090
54861
47900
47820
47780
47721
48080
48190
48150
47870
47900
47860
47950
47770
47851
47650
48130
48030
47861
48190
47710
54380
48071
47740
47810
47830
47871
47520
48080
47490
