134951
138701
134810
134481
134381
140500
134761
134461
134590
134451
134831
134520
134511
140971
134811
134540
138961
134541
134690
134451
155321
134550
134631
134681
134540
134531
134841
141160
134681
134561
134930
134481
134461
134530
140721
134601
134870
134751
134531
134380
134461
134601
142611
134530
134361
136961
134570
134371
134410
140460
134551
134491
134490
134681
134571
134750
141231
134791
134740
134841
134791
134640
134771
134691
141150
134421
134561
134620
134861
134691
134600
140181
134761
134790
139171
135091
134540
134881
143021
134780
134731
134671
134700
134451
134381
134320
140661
134341
134571
134360
134381
134631
134570
141911
134651
134460
134761
134561
134600
134731
140411
134460
134551
134401
137980
134681
134571
134470
140611
134341
134770
134861
134631
134500
134561
141021
134870
134461
134641
134800
