361141
356462
357062
361452
355762
362721
355582
357772
362832
356181
355962
362572
356182
355191
362762
356302
356932
379092
358431
362941
354782
355252
362412
355031
355522
363732
355442
354731
362402
360192
364602
356282
355651
363372
354852
355482
362491
354792
354672
361872
357462
355661
362542
355982
361492
356151
354832
361222
354392
354942
361601
359892
356072
363542
356501
362042
354762
356622
362921
355932
355402
363362
358532
355781
360612
356622
354822
360861
356172
361292
355612
355592
362061
360682
355382
362232
354741
354892
361892
355752
363581
354952
355942
363712
355492
358431
360482
355402
355632
361961
355522
356492
361542
354682
360141
355192
357182
360382
354531
355032
360182
354912
354911
361162
355412
355302
361082
359511
363302
355712
355742
361931
356902
356102
362632
356652
356181
362182
361102
361012
