228782
229381
236751
228921
228981
229331
228882
235251
229781
232361
228921
234801
228621
228812
228671
236141
228941
229151
230021
228822
234791
228901
229301
229031
234081
228901
232531
229592
234391
229501
229431
229311
229721
235441
229022
229331
229431
235231
228851
229091
229042
235941
228941
231771
229461
229341
234471
228661
229342
229221
234321
229151
228731
228991
236632
230451
230241
230021
236181
229481
231151
229382
229101
236161
228571
229331
228601
236121
229102
229211
229241
236501
229341
229051
229011
228902
236661
230131
233731
229471
235141
229471
229372
229051
234551
229261
228741
229141
228702
234671
229221
229301
229801
235781
229591
232442
229711
235851
229951
229261
229171
229451
235762
229241
229541
229471
237051
229591
229311
229432
235521
229611
232101
228791
234771
229211
228682
229121
229151
235521
