378572
385952
378292
377842
384931
377992
384072
378382
378542
385072
377752
377592
385801
377992
384262
378492
377872
385192
382932
384702
378482
378191
385322
378382
378292
385432
378182
384702
383142
378312
385671
378342
385892
378822
378292
386022
379482
378912
386262
382622
385001
378792
378612
385812
378582
386262
378452
377612
384982
382751
378822
385082
378082
385102
379272
378182
385022
378892
379201
386272
381252
385232
378022
377382
385402
377512
384352
377762
377431
384852
381762
377742
384352
377262
384612
377852
377172
384481
377252
384082
378032
380482
383892
377642
377002
384052
377121
384092
377762
377952
385872
382302
378102
386292
377601
383951
377442
377032
384942
377712
384272
378312
381482
385611
377432
377442
385562
377432
384182
377692
376762
383132
380161
383212
377872
377002
384192
377242
376812
384782
