49860
50630
50901
50270
50030
49790
49671
50160
49860
50030
49951
56140
49910
49530
49360
49840
49610
49961
49590
49840
54360
50151
49630
49760
49820
49951
49800
49690
49530
49841
76330
49740
50131
49780
49540
49710
49731
49750
49920
49780
49961
50100
49990
49700
49691
49770
49520
50070
50241
57530
50070
49980
49981
49980
50030
50120
50101
49840
49870
49710
49491
49880
49660
49630
49671
49700
49920
49650
49641
57390
49690
50010
49931
49810
49660
49610
49591
49930
49810
50090
49621
50110
49540
49450
49611
49780
49810
49770
56661
49780
49760
49710
49931
49830
49650
49590
49881
54640
50330
49600
49791
49680
49770
49540
49630
49920
49580
56011
49690
49990
49380
49611
49650
49730
49780
49511
49560
49670
49550
49481
