2152380
2149771
2160491
2150160
2151511
2148220
2149161
2147871
2159020
2147881
2154871
2151980
2144781
2150561
2146830
2156251
2144880
2153861
2147081
2150320
2146341
2159241
2146840
2150131
2151680
2147351
2153281
2148860
2158021
2159631
2148570
2148691
2153461
2147100
2156321
2147130
2149171
2148951
2149320
2150731
2143671
2158130
2147331
2148650
2147641
2148961
2146220
2154711
2152231
2159230
2145811
2153710
2148501
2145751
2156030
2150181
2151471
2147550
2148231
2148050
2149331
2156471
2149800
2146331
2151841
2150570
2144841
2153360
2144911
2157201
2148730
2149071
2144151
2150640
2153391
2153061
2146430
2161661
2149710
2146291
2153111
2144090
2148561
2144151
2148070
2146671
2152980
2150631
2152761
2145010
2150441
2149951
2144940
2149591
2151440
2147471
2143711
2150000
2145431
2149970
2150261
2148001
2147830
2149271
2146461
2145200
2151371
2152870
2149841
2147251
2149370
2149851
2152581
2149280
2157881
2149121
2163500
2154481
2146120
2154351
