384442
379752
377242
384422
377052
376792
385262
376712
383061
379872
376882
383532
376662
383112
377672
377042
385502
377841
377452
385672
380542
383712
377882
377132
384932
377761
383941
378362
376842
383102
380432
377472
384492
378552
383952
377891
377112
384082
377092
377052
384582
380302
383102
377671
377572
384852
377512
384222
378472
378012
384622
381082
378321
384852
378272
383512
377662
377202
383872
377462
377221
383592
382502
384102
378262
377372
383372
377282
383572
377841
377222
384392
380252
377162
383872
377002
383642
377572
376891
383972
376912
383622
377522
380272
383092
377102
377462
385271
377472
384942
378612
377802
384582
382042
378072
384162
377981
384012
378662
377302
383522
376752
384362
377552
381502
383481
377632
377002
383962
377032
382682
377602
377732
383902
380421
377452
384072
377202
383842
378052
