134570
138331
134461
142300
134481
134311
134330
134441
134491
134520
140621
134511
134300
134291
138361
134370
134181
140621
134150
134051
134171
134050
134131
134141
134510
141271
134441
134410
134260
134511
134471
134440
141921
134491
134470
134521
134331
134310
134171
143941
134530
134301
134081
138380
134501
134461
134500
141241
134731
134460
134201
134291
134400
134241
139981
134260
134291
134591
134190
134261
134301
140261
134410
134331
134261
134280
134441
134370
134150
139801
134431
134310
137041
134491
134400
134111
139961
134110
134121
134451
134210
134041
134171
153610
135141
134711
134490
134381
134371
134110
134291
141751
134320
134151
134321
134480
134311
134361
142540
134361
134451
138250
134411
134301
134180
140791
134231
134410
134311
134291
134200
134311
134431
140801
134430
134171
134311
134290
134501
134501
