521033
529132
525043
529003
529672
523043
529672
521793
528033
524462
527443
521002
530083
522203
527962
521833
528662
524283
527743
522482
528873
521552
528853
527183
524262
529193
521722
527553
520933
528702
521373
528562
524163
527773
521032
526683
521532
527403
521343
531372
528913
522422
529373
521543
528962
521893
527802
524633
528103
521882
538813
522722
528553
522123
528232
526583
527482
522193
528323
526952
521733
528272
527353
527613
522502
527763
521903
529012
523093
529812
526133
528843
522192
528773
521772
527003
521963
533252
528333
522332
528603
522523
528002
521903
528042
524303
528243
522022
526723
521542
527343
522153
528032
524513
528512
522483
531383
529562
522663
527592
526103
527183
522152
529113
521892
527973
521323
528902
525913
528443
522302
527033
522062
527973
528112
524983
528753
520882
527273
521792
