73301
73140
72901
73200
72890
79551
73050
73290
73151
73080
73401
76770
72770
72911
72730
72840
72521
73170
79421
72580
72840
74071
73210
72810
72941
73100
72460
73401
73210
73381
73330
73030
79361
73290
73300
73501
73490
72921
72580
73040
73091
72980
73320
72761
73090
85780
73161
73140
73081
73140
72960
73011
72900
73070
73381
72770
72900
72781
78990
72771
72950
72790
73251
73850
73260
75060
73160
73301
73230
73350
72821
73470
79021
72850
72740
72791
73040
72790
72921
72850
72620
72961
72890
73381
72820
78730
72791
72990
72630
72921
73160
73030
73191
73490
73511
73200
73100
72981
73340
79520
72761
73180
72831
72580
73170
73711
73170
72940
73401
73160
72921
73390
78710
73381
72580
72500
72481
72890
75620
73141
