386772
381242
384021
377512
376862
383852
377142
383652
377132
376592
383092
379161
377471
383602
376962
384272
377202
376672
383722
377242
383901
377642
380752
384512
377782
376812
387822
377152
383532
377141
376792
386632
381212
377262
384122
377612
386492
377782
376601
383922
377022
383172
377612
380562
383622
376562
376491
384242
376622
383322
377412
376762
383222
380032
377102
377681
376842
383832
377672
377072
385362
377042
385522
377442
380081
384462
376992
377102
384402
377012
384132
377562
377641
383782
381232
383452
377082
376972
384502
377472
376902
383891
376972
386132
377382
381072
383552
376812
376942
384122
376781
384342
377632
377002
384702
379842
384062
377332
376522
384891
377112
376382
384402
377102
385422
382832
377482
384052
376641
376702
384172
376402
383682
377362
376782
385482
382591
383362
376802
376612
