4258291
4253711
4258601
4254811
4258451
4253031
4272902
4251231
4251821
4253991
4258931
4254391
4256881
4255111
4273201
4286931
4260561
4270591
4284401
4281211
4261601
4278761
4255621
4255161
4253411
4261531
4252161
4261411
4258921
4262961
4256441
4261171
4252001
4262301
4252391
4255631
4259421
4256051
4256441
4254111
4260301
4258831
4263861
4257021
4263902
4252491
4258921
4260331
4271351
4258811
4254801
4254881
4257061
4254221
4255151
4256651
4267031
4248831
4251501
4254411
4258191
4254711
4250291
4254491
4252231
4249251
4250831
4253101
4246221
4245381
4248281
4251701
4249671
4250371
4248401
4256821
4249001
4254971
4245221
4253251
4247711
4578123
4257211
4252821
4256051
4251341
4255451
4248411
4255391
4247991
4264361
4251231
4254531
4250331
4256211
4250291
4247451
4249781
4255211
4246941
4246121
4248991
4261031
4253821
4253401
4246381
4259931
4253951
4255711
4254701
4256941
4264381
4258801
4262191
4257301
4251501
4252971
4264842
4252241
4251021
