164120
166811
163561
162501
175291
162711
162770
162971
163101
163461
170231
162981
163590
164461
163721
163401
169671
164140
163771
164011
163511
163651
169520
162710
163201
167701
163731
163351
170191
163190
162841
164151
163411
164201
169170
163651
163621
163351
163301
163190
169381
164171
163401
163471
163590
163281
169491
162821
163471
167381
163160
162861
175911
163451
162771
162831
162680
163091
169271
163061
163421
162510
162841
162861
168311
162751
162881
162690
162491
163061
168971
162681
162451
165380
162751
162941
178621
162851
163620
163221
163421
163311
169791
163330
163091
163221
163051
164271
169981
163560
164241
163791
162711
163081
169281
163470
163471
166671
163531
163541
170210
163131
162621
163571
163421
163560
163311
170851
162921
163691
163061
163790
164221
180791
163701
163621
163651
162820
163041
170301
