49680
50361
50750
49900
50100
49620
49610
50070
56671
49970
50120
49940
49751
49830
49810
50010
49901
50070
50190
49890
49901
49910
49600
49850
49871
49860
49830
49600
55981
49580
49940
49600
49971
49670
49750
49630
49561
49520
49950
49410
49401
49870
49510
49400
49681
49790
49960
57330
50211
49420
49790
49730
49631
49740
49430
49600
53701
49440
50360
49910
49781
49670
49670
50110
49811
49800
50060
55791
50280
49730
49650
49691
49760
50170
49570
49711
49580
49760
49540
49711
49890
49740
49900
49881
50100
49550
55520
50011
49900
49660
49740
49691
49690
49500
49320
49561
49440
49420
49650
49511
49620
49510
49890
49561
49480
49760
54770
49191
49380
49170
49350
49541
49280
49320
49700
49131
49420
49650
49270
49341
