229071
229402
229201
235481
229021
229111
229051
228641
237222
228921
229531
228901
236031
229061
231651
228832
234921
229171
229111
228631
228911
239872
229771
229491
229571
235321
229221
229371
229021
237162
228871
231971
229121
236001
229461
229872
229381
229611
235051
229491
229281
229551
236192
229621
229441
229991
236131
229431
232971
229702
229781
236441
229811
229971
229111
235812
230741
231241
230271
237031
230251
230061
230472
230761
238161
230621
232891
230661
238311
231362
230871
230371
239591
230411
230181
230432
235721
231171
230801
230611
229951
235431
229742
232101
229031
235151
228711
228991
228731
235132
229871
229751
230681
231031
236971
230052
230501
230041
236151
229921
234001
230101
237182
229901
229711
228851
234901
229241
229541
229722
229381
236241
229301
229131
229371
236551
229322
233581
229881
235721
