121301
120910
120881
120521
119750
120411
128770
120171
119611
120280
123461
120600
119741
120801
126570
120761
120450
120561
121111
120440
120571
120320
125511
119651
120360
120141
120140
120071
120211
119780
120001
125900
120321
119911
119890
119981
120490
120721
121051
126740
120601
120261
119620
123561
120270
119881
119991
125620
119971
120410
120281
120141
120170
120601
120000
126171
119881
120100
120091
120820
119961
120540
120020
126251
119910
119591
120061
120360
120291
120060
120081
120061
145660
119601
119241
124040
120121
119760
119791
119891
127210
119721
119860
119601
119821
120420
119861
120440
126161
119871
119640
119741
119650
119601
119690
120271
126301
120230
119331
119671
119780
119791
119750
119301
126411
119650
122841
119530
123581
119851
120010
119321
126620
119551
119861
119750
120141
120170
120041
120301
