76420
77221
76450
76500
76501
84610
76801
76700
76460
76081
76190
76611
76620
76420
76781
76470
76630
76301
83240
76381
76280
76590
76431
76280
80971
76400
76490
76441
76340
76671
76260
83230
76391
76510
76031
76380
76340
76251
76430
76360
76051
76120
76351
81890
76230
76331
76230
76301
76260
75980
76231
75850
76000
76101
75970
76631
82410
76570
76621
76520
76870
76531
76570
76621
76280
76690
76331
76850
76991
81950
76440
77211
76550
76391
76670
78560
76461
76690
76460
76601
76850
76981
99070
76571
76960
76690
76531
76580
76420
76201
76310
76451
76240
76400
82831
76630
76861
76720
76610
76721
76550
76160
76141
76470
76311
76160
75950
82361
76440
76321
76230
76130
76401
76150
76330
76191
76570
76371
76620
76140
