377902
378142
393292
382062
384031
378392
377362
385952
376572
383512
377292
377182
383772
381401
378102
385942
377722
384732
378382
377582
382842
376581
376832
384042
379662
383122
377372
376482
384482
376511
386312
377162
376832
384302
381732
377282
383772
376732
382881
377252
376942
387132
377542
376572
377522
381062
383542
378151
376652
383412
378402
382922
377492
376532
383362
379742
377041
383412
377562
384432
378352
377382
383732
377052
383092
377391
381342
382912
377462
377612
384322
377052
383852
377431
376731
384142
379822
377232
383962
377102
384042
378312
377461
383482
376822
382442
377472
380782
383052
377372
376661
383212
376882
382832
377462
376892
383512
380732
377122
383741
377192
383852
378292
377192
384322
377352
383932
378102
381731
385212
377642
377282
384842
378382
383782
377722
377461
384921
382612
384752
