1	25
3	3
4	207
5	13
6	39
7	1
8	113
9	7
10	15
11	30
12	5
13	26
14	12
15	3
16	46
17	139
18	27
19	59
20	23
21	52
22	46
23	14
24	2
26	1
29	1018
30	2
31	1
32	146
33	32
34	171
35	24
36	1000
38	1
39	1000
40	26
41	1000
42	1000
44	29
45	1057
46	2010
48	1000
49	2
52	37
53	1000
54	1022
55	1004
57	1000
58	2014
60	1021
62	11
64	1671
66	11
67	1000
68	13
69	2
70	3
72	1
73	14
74	4
76	29
77	6
79	81
80	16
82	5
84	48
85	3
87	3
88	15
92	12
96	4
104	1
112	5
113	1
116	1013
120	1
122	18
128	59
144	1
146	1
148	1
152	32
160	24
172	1
176	2
180	2
192	42
212	2
216	1002
224	69
226	1
232	12
240	2
244	18
256	4
264	1
290	1
292	1
304	1
309	14
320	1
344	2
368	1
389	1
408	2
416	1002
448	1
452	1
456	1
464	12
472	1
480	1
484	1
512	1
544	1
591	1
608	1
628	31
640	1
647	1
672	1
768	1
778	1
786	3
800	2
816	1001
864	1
896	1
912	1
928	6
960	2
968	1
1024	2
1091	1
1152	1
1216	1
1240	3
1279	1
1328	2
1572	3
1584	2
1616	1
1894	1
1920	1
1936	1
1989	1
2048	1
2231	1
2432	1
2464	3
2688	1
2965	1
3020	1
3144	3
3152	1
3244	1
3289	1
3610	1
3840	1
3872	1
4356	1
4439	1
4656	1
4711	1
4801	1
7221	1
7626	1
7653	2
7680	1
7744	1
11985	1
15488	1
30976	1
32768	1
61952	1
73728	1
380032	1
