1540
1580
1600
1620
1620
1620
1630
1640
1650
1650
1650
1670
1690
1710
1720
1750
1760
1770
1780
1780
1790
1790
1790
1800
1800
1800
1800
1820
1820
1820
1820
1850
1850
1860
1870
1870
1870
1870
1870
1880
1880
1880
1890
1900
1900
1900
1910
1920
1920
1930
1940
1950
1970
1970
2010
2020
2070
2101
2110
2130
2140
2210
2210
2350
3330
3360
3440
3470
3490
3500
3520
3580
3640
3650
3650
3690
3690
3720
3750
3750
3770
3780
3800
3820
3850
3870
3910
3950
3960
4010
4030
4100
4120
4140
4140
4150
4200
4210
4220
4450
