1660
1760
1770
1780
1790
1800
1800
1840
1880
1900
1920
1930
1940
1960
1980
1990
1990
2000
2000
2001
2010
2020
2020
2030
2040
2060
2060
2090
2100
2100
2110
2140
2150
2150
2180
2190
2190
2190
2190
2200
2210
2220
2220
2220
2240
2240
2240
2250
2260
2280
2380
2390
2470
2550
2770
2900
3460
3610
3650
3660
3710
3730
3800
3800
3850
3860
3950
3970
4040
4070
4070
4090
4100
4100
4100
4110
4120
4120
4130
4150
4160
4170
4180
4200
4220
4240
4310
4320
4370
4370
4390
4430
4440
4580
4770
4780
5300
6020
11181
12420
