1581
1590
1600
1640
1691
1720
1730
1740
1740
1750
1760
1770
1790
1810
1840
1870
1890
1890
1890
1910
1940
1980
1980
1990
2010
2050
2050
2080
2080
2100
2110
2110
2110
2110
2110
2110
2130
2140
2140
2150
2170
2180
2180
2190
2200
2220
2280
2360
2530
3460
3610
3720
3750
3760
3770
3850
3890
3950
3950
3960
3960
3970
3970
4010
4010
4010
4020
4030
4030
4050
4061
4090
4090
4090
4100
4100
4110
4120
4150
4150
4180
4180
4180
4200
4200
4210
4211
4250
4270
4280
4290
4340
4350
4380
4390
4440
4490
4600
4760
4840
