1420
1460
1590
1600
1600
1620
1620
1660
1670
1670
1700
1760
1780
1790
1800
1820
1830
1840
1850
1850
1850
1860
1870
1910
1910
1920
1930
1940
1960
1970
2000
2030
2060
2070
2080
2100
2130
2170
2270
3390
3500
3660
3700
3790
3850
3880
3920
3921
3930
3940
3940
3950
3960
3960
3970
4000
4000
4010
4020
4040
4040
4040
4050
4050
4060
4060
4070
4070
4080
4110
4120
4130
4161
4170
4170
4170
4180
4190
4200
4250
4270
4270
4290
4300
4300
4330
4350
4360
4360
4370
4381
4390
4410
4460
4490
4490
4530
4770
4860
11790
