4341331
4358801
4323031
4331241
4342061
4335621
4332021
4344541
4348911
4351831
4331981
4352141
4351211
4363382
4340731
4350691
4350631
4351831
4350852
4343151
4328831
4395071
4396622
4338231
4343961
4334161
4342951
4333811
4323951
4322761
4331241
4317821
4330142
4329101
4322771
4319061
4324421
4344131
4333061
4339241
4325571
4314411
4326501
4338821
4342901
4317311
4334821
4317571
4326411
4339651
4334331
4341591
4332481
4325431
4339761
4348142
4350941
4322871
4340301
4350481
4336971
4329471
4338051
4344961
4327381
4336231
4327741
4324471
4346321
4326441
4315241
4337142
4318550
4328161
4322412
4329481
4347931
4349821
4330311
4321381
