4281790
4302251
4287071
4282481
4289931
4280121
4292591
4275650
4323631
4295881
4321481
4316921
4290091
4306041
4323451
4275571
4265581
4290851
4288530
4318771
4275891
4269301
4282321
4287850
4271261
4280671
4289531
4274611
4276241
4275840
4290371
4286301
4281401
4282391
4278481
4276290
4267251
4280711
4288011
4272051
4306881
4299601
4281471
4283511
4293261
4288890
4280831
4300401
4313801
4272661
4282291
4285371
4274380
4287351
4286001
4268971
4279751
4277441
4289150
4283931
4302071
4307881
4321681
4299080
4293191
4299681
4301381
4329661
4286321
4317361
4319131
4302971
4306811
4306371
4284251
4317581
4288531
4322201
4310321
4290851
