4324281
4293731
4286921
4280101
4281580
4287600
4276811
4291441
4266071
4282561
4300431
4280010
4328511
4303891
4293441
4280191
4279411
4281031
4278711
4278020
4294640
4312771
4288311
4304211
4285211
4296481
4301511
4298711
4298371
4318461
4289571
4295261
4321671
4316591
4316731
4287390
4280060
4301381
4290391
4300951
4327171
4335671
4296811
4316701
4320221
4313981
4328441
4321901
4320421
4306091
4299071
4316571
4312371
4310111
4308651
4312801
4300241
4319081
4310331
4294641
4421411
4395312
4388651
4425292
4406451
4392292
4380811
4395131
4406942
4400171
4415162
4418851
4409302
4426781
4392121
4390791
4406851
4389522
4391601
4389301
