1462377
1390567
1464487
1388257
1411297
1442956
1449157
1429087
1395106
1391047
1428897
1439317
1421297
1453207
1431987
1448447
1385427
1389997
1395537
1429706
1456887
1449617
1441116
1429067
1446138
1381066
1448957
1448317
1430977
1422787
1458557
1398117
1422267
1446997
1448817
1465567
1434137
1397067
1442277
1454227
1482548
1501747
1504487
1508898
1492187
1500227
1507388
1497227
1509587
1514108
1471067
1474787
1494687
1511877
1511388
1497827
1448507
1496478
1502617
1478207
1464977
1408387
1400277
1451647
1447837
1458357
1440447
1436407
1445447
1451757
1445307
1437237
1414177
1400077
1436467
1395557
1452987
1445197
1452067
1449207
