1458977
1437407
1468238
1396876
1443337
1455288
1449447
1460467
1438927
1458237
1439787
1419687
1420627
1451517
1453037
1449787
1461697
1441397
1447047
1455477
1411497
1452747
1452757
1435337
1387077
1424897
1453347
1473667
1462587
1427967
1454897
1465347
1402357
1440137
1452067
1396007
1442467
1421387
1465187
1434897
1379386
1439227
1440177
1428427
1428617
1428477
1423247
1429747
1420297
1424217
1431127
1436297
1454567
1409857
1448597
1410197
1429007
1437177
1457357
1446737
1433467
1456737
1409896
1461038
1443587
1429237
1466717
1457337
1454137
1447007
1466887
1452717
1463127
1456117
1423357
1442567
1449097
1436147
1454158
1456097
