1455567
1439847
1449717
1406117
1443917
1453207
1463737
1452217
1435207
1445867
1461007
1407297
1451497
1453087
1473897
1466167
1440117
1434097
1444127
1457627
1453817
1460487
1444267
1451667
1445648
1383406
1446557
1458057
1379407
1380737
1436787
1440977
1422917
1424717
1392777
1447637
1426227
1437307
1388806
1423957
1443417
1443267
1439547
1454608
1414146
1454577
1437688
1447466
1442927
1470077
1439177
1452337
1440067
1413047
1388916
1448647
1446207
1415116
1450107
1455077
1529368
1462217
1429317
1517787
1478817
1434607
1496838
1500057
1462907
1480637
1480537
1510858
1489727
1501707
1483208
1491347
1495247
1495608
1486637
1466277
