4360591
4339461
4344861
4349931
4327941
4376442
4320741
4323041
4346251
4317311
4348111
4339651
4336491
4326821
4333271
4323721
4347421
4358392
4335241
4326891
4330191
4338951
4344191
4336101
4334981
4332341
4333741
4339531
4339652
4346781
4348031
4370721
4331091
4329241
4349132
4334721
4337091
4343941
4328031
4336601
4342312
4348011
4318021
4345651
4356701
4371811
4356911
4344271
4365131
4331481
4348861
4345471
4331921
4352212
4354411
4342881
4361821
4354231
4345161
4344802
4338121
4363372
4345421
4324391
4335851
4324021
4330431
4345301
4320591
4320871
4347491
4335621
4334882
4335511
4332511
4330631
4347211
4328481
4322861
4333741
