4288250
4280111
4292321
4294341
4267191
4289041
4275810
4277651
4284591
4327311
4286731
4280881
4274621
4282241
4293220
4305061
4284221
4285361
4274701
4283041
4291621
4298791
4304181
4310311
4286300
4283351
4311601
4289691
4321841
4321751
4299601
4291991
4292831
4292581
4287081
4299561
4310121
4288800
4299691
4310241
4279571
4268281
4279990
4285421
4272761
4293291
4268831
4284541
4286150
4277001
4282901
4282531
4296011
4292291
4286651
4288430
4287701
4285781
4278131
4284461
4291181
4321201
4293281
4281150
4290901
4303641
4256091
4286711
4282931
4312141
4269606
4288718
4277668
4301178
4295418
4289447
4279498
4297748
4281498
4267638
