1404707
1439167
1452577
1471407
1434177
1453017
1446718
1466927
1412047
1461527
1447297
1439597
1441497
1458587
1395947
1456487
1454367
1415787
1421167
1435447
1483157
1468617
1458957
1490137
1493278
1448937
1432967
1505287
1492297
1493158
1478377
1465697
1498947
1427847
1432147
1486787
1485777
1483467
1517007
1448927
1442497
1436577
1454047
1446987
1410637
1454337
1444597
1413287
1455537
1409017
1456787
1464697
1417237
1447907
1455737
1453238
1442347
1425917
1448247
1458697
1445557
1456137
1468758
1452027
1457227
1461297
1463737
1459497
1421087
1467827
1462897
1442697
1470577
1411327
1453087
1406597
1435437
1477377
1456548
1435897
