1424487
1451127
1386947
1450007
1452847
1437127
1396957
1443317
1473277
1445387
1468227
1433847
1475037
1402937
1412347
1431537
1409687
1410766
1415626
1461438
1448248
1459517
1469257
1466387
1487617
1430147
1462487
1432507
1481528
1463727
1484647
1495167
1491097
1470288
1505237
1477107
1449337
1481927
1451347
1475038
1447627
1438477
1445927
1422186
1402716
1440097
1437987
1474518
1466927
1446007
1445817
1470007
1433187
1454537
1446177
1394847
1429477
1440517
1408617
1459647
1458988
1470527
1467597
1420057
1487337
1432877
1473207
1430587
1479537
1486528
1469627
1483597
1477527
1468787
1471058
1450207
1450037
1411627
1460177
1473407
