# elapsed_ns, one measured sample per line, ascending
10213643
10216924
10218113
10218244
10222623
10228893
10229653
10231214
10233193
10235473
10237173
10237403
10237873
10241854
10242633
10243303
10244793
10245054
10247694
10249754
10252653
10256063
10257244
10259663
10262393
10263954
10265383
10265394
10266744
10270494
10270733
10273034
10277804
10278533
10286284
10286483
10289443
10295994
10296024
10296133
10301414
10306124
10306864
10308694
10314644
10320764
10320914
10321124
10324744
10327194
10341954
10342384
10350774
10353054
10359445
10363024
10374994
10395414
10521165
10566956
