# elapsed_ns, one measured sample per line, ascending
11543680
11576020
11613810
11618430
11644720
11655600
11656420
11663050
11683521
11684650
11685730
11686950
11691441
11693811
11694341
11696171
11698171
11700961
11710270
11710551
11755751
11756501
11767641
11771941
11774052
11802311
11805262
11805501
11811141
11850082
11866441
11914072
12306374
12544065
14074153
14538546
14571425
14578296
14602866
14609215
14648305
14649815
14664966
14667106
14714967
14751717
16261334
16651786
17552881
17575861
17634432
17717861
17722772
17779272
17845592
18510196
21668902
22094505
23846833
23920804
