# elapsed_ns, one measured sample per line, ascending
11848752
11891652
11912202
11919212
11932732
11940682
11945502
11959982
11971602
11976353
11976833
12004573
12006792
12007822
12008672
12011552
12015602
12019212
12020582
12022532
12025493
12029882
12037473
12039702
12045223
12046543
12048793
12051362
12051493
12055733
12056353
12060102
12062562
12063533
12063993
12064733
12067983
12068002
12068523
12069083
12069183
12071632
12071772
12073952
12076413
12078053
12079782
12082942
12085532
12086373
12087262
12088323
12093562
12125943
12162803
12170593
12171063
12183803
12188243
12195413
