# elapsed_ns, one measured sample per line, ascending
2019881
2020131
2022051
2023061
2027041
2027071
2027081
2027331
2027491
2027811
2028911
2029231
2029411
2029441
2030131
2030211
2030561
2031041
2031281
2031581
2031721
2031721
2031781
2031821
2033131
2033181
2035091
2035161
2035371
2036201
2036911
2037041
2037211
2037231
2037441
2037761
2037841
2037911
2038331
2038491
2038761
2039031
2039501
2039561
2040011
2040031
2040151
2040221
2040601
2041341
2042471
2043771
2044031
2044061
2046071
2047941
2051281
2052191
2055121
2055511
