# elapsed_ns, one measured sample per line, ascending
10288444
10324804
10339554
10379194
10379844
10381444
10389285
10396224
10407275
10409344
10410914
10414195
10415454
10421605
10423395
10426255
10426974
10427654
10432604
10434524
10435914
10436675
10437204
10437705
10438585
10440014
10440795
10443625
10443954
10444205
10445484
10449294
10454315
10457625
10460734
10463094
10463944
10467494
10467865
10468744
10474175
10474965
10477324
10479854
10481644
10486594
10489725
10494085
10498845
10504485
10507035
10511195
10514864
10517705
10541955
10545385
10561125
10574345
10620316
10732456
