# elapsed_ns, one measured sample per line, ascending
24184857
24255037
24280617
24296156
24305497
24307717
24307877
24315367
24329847
24332307
24333789
24346757
24355238
24355385
24363387
24363397
24370017
24372097
24373697
24377437
24377558
24386227
24397248
24397367
24400146
24402947
24409388
24412467
24412468
24424056
24431698
24435778
24436597
24439658
24447758
24448558
24465248
24470407
24472668
24483007
24490078
24491538
24492908
24529458
24531448
24541898
24546128
24556588
24581648
24582479
24630719
24693549
24702029
24719199
24729789
24732149
24803080
24817170
24911340
24958400
