# elapsed_ns, one measured sample per line, ascending
11574720
11575760
11578110
11579200
11582160
11588120
11588690
11589130
11590340
11590860
11593050
11594370
11594730
11595790
11597850
11598180
11598480
11599951
11602430
11603130
11603880
11605720
11605950
11606700
11606960
11607140
11607210
11608320
11609320
11609770
11610250
11611901
11612980
11614211
11614710
11615160
11617870
11617980
11618460
11619790
11621181
11624910
11625430
11625780
11627611
11629710
11632441
11637620
11638400
11639170
11648511
11658850
11662220
11663061
11799921
11809851
11837612
11886322
11892721
11905352
