# elapsed_ns, one measured sample per line, ascending
47864185
48352648
50202537
50260917
50536940
50540551
50975051
51120408
51362839
51763796
51977607
52103162
52858486
53094637
53145047
53270907
53281238
53475528
53482125
53491449
53499888
53580876
53600409
53700796
53712186
53903420
54045348
54252762
54307119
54638941
55223454
55257374
55768897
55996289
56264631
56387362
56444621
56452492
57397636
57671087
58496761
58991555
59348876
60753004
62233972
62641769
73043046
74315102
74451862
74463342
74544552
75470922
79394054
81503504
83384132
85512662
86109175
86128824
89484389
97615306
