# elapsed_ns, one measured sample per line, ascending
10118372
10133343
10137443
10138953
10139543
10141343
10145853
10146863
10147263
10147493
10147912
10152673
10152783
10155382
10156593
10157563
10157823
10159323
10159483
10159953
10161963
10162403
10162473
10162784
10166833
10166953
10170983
10171243
10172734
10172763
10173473
10175773
10177303
10177653
10179173
10179293
10181903
10185493
10189574
10189763
10191233
10191794
10192513
10193603
10195153
10197173
10202004
10203073
10204044
10224403
10225194
10241194
10253904
10259114
10260414
10261533
10272744
10392454
10411574
10430115
