# elapsed_ns, one measured sample per line, ascending
11394909
11398799
11424639
11439190
11447339
11460239
11461029
11462479
11467800
11470829
11474909
11479289
11492080
11492130
11503050
11506840
11508139
11508480
11510640
11510980
11517510
11524920
11530759
11530979
11559020
11568190
11577530
11588390
11590110
11590720
11594180
11598330
11610360
11627040
11645530
11650760
11657870
11659670
11660151
11662461
11666571
11667291
11681960
11689441
11690070
11697890
11714131
11733680
11738821
11752981
11777401
11781331
11785891
11786791
11817781
11819111
11829772
11842661
11857132
11874671
