# elapsed_ns, one measured sample per line, ascending
2010191
2012780
2012831
2013581
2014770
2015600
2015671
2015871
2016210
2017220
2018891
2019171
2019301
2021260
2023021
2023530
2023980
2026501
2029031
2029881
2029921
2030000
2030361
2030620
2031210
2032470
2032491
2033691
2034231
2035391
2035530
2035540
2035620
2035771
2035881
2035900
2035901
2036360
2036431
2036551
2037221
2037291
2039150
2039581
2041091
2042230
2042721
2042840
2042941
2043051
2043271
2044401
2044980
2045851
2046150
2046781
2046931
2047021
2053191
2084421
