# elapsed_ns, one measured sample per line, ascending
1951870
1954441
1957050
1957550
1957860
1957910
1958330
1959280
1959411
1960241
1960320
1960400
1960490
1960711
1960751
1960920
1961740
1962050
1962260
1962710
1962720
1962750
1963040
1963690
1964500
1965011
1965600
1966101
1966130
1966600
1966630
1966680
1966700
1967600
1967720
1968270
1968410
1968540
1968580
1968640
1968891
1969320
1969770
1970370
1971770
1972071
1972160
1972360
1972480
1972650
1972780
1972791
1973830
1974091
1974531
1974551
1974570
1977280
1978360
1987510
