# elapsed_ns, one measured sample per line, ascending
25945825
26054377
26072516
26081286
26085327
26090296
26121166
26328818
48280155
49494731
49948803
50167824
50175823
50250724
50280264
50333875
50371434
50386655
50424725
50457925
50771866
51123928
52249813
52270903
52410074
52447704
52791266
52983326
53130707
53137627
53148678
53194507
53217397
53228257
53237768
53260467
53318267
53346178
53361458
53362018
53378958
53392058
53410888
53429328
53442019
53538358
53580489
53636389
53851360
56100800
60247619
62481748
63799705
71516869
71716120
80361388
80566020
80643270
80670430
80920110
