# elapsed_ns, one measured sample per line, ascending
10051873
10058483
10062793
10063853
10066222
10066692
10067143
10070213
10076843
10077442
10077533
10078863
10083253
10083643
10091973
10097043
10100463
10108402
10114113
10117493
10121703
10124673
10126183
10128473
10130912
10131913
10132483
10132923
10133843
10134083
10135653
10135963
10136053
10137853
10138203
10138703
10140043
10140733
10142053
10143193
10144543
10145023
10146533
10148283
10148513
10148863
10148873
10150713
10152513
10152823
10153913
10157243
10160433
10166973
10178303
10186693
10196803
10227294
10351144
10496164
