# elapsed_ns, one measured sample per line, ascending
24694859
24713349
24755040
24765420
24768590
24771060
24781399
24817210
24839340
24855200
24856920
24865460
24876750
24879660
24879840
24880060
24881230
24882830
24888070
24888800
24891190
24891470
24898150
24899200
24900100
24908150
24909310
24912801
24916130
24916770
24917140
24917220
24918710
24920410
24920630
24922690
24924390
24925530
24928330
24932630
24940200
24950760
24959981
24964341
24970900
24974880
24975781
24976471
25046181
25068761
25081351
25119761
25124742
25151341
25185351
25188012
25335063
25368582
25465763
25504763
