# elapsed_ns, one measured sample per line, ascending
1953460
1954931
1955560
1956070
1959261
1959630
1961260
1961920
1962390
1962980
1963131
1963371
1965581
1965760
1966320
1966430
1966661
1966690
1967310
1967381
1968020
1968280
1968990
1969470
1969580
1969720
1969840
1970000
1970160
1970200
1970380
1971171
1971820
1972040
1972071
1972580
1972680
1973370
1973780
1974080
1974340
1975091
1976070
1976720
1977070
1977110
1978120
1978161
1978450
1979020
1980810
1981680
1981820
1982230
1982401
1988470
1992691
2000140
2006890
2027431
