# elapsed_ns, one measured sample per line, ascending
24914068
24927048
24940028
25110429
25132679
25163039
25180779
25186150
25226080
25253160
25270370
25276240
25280140
25312251
25328491
25334510
25345791
25355380
25374621
25381261
25383541
25384281
25402631
25424130
25481641
25494951
25497021
25500551
25514322
25532802
25535621
25540171
25557872
25587052
25590971
25608852
25617432
25638803
25652093
25662092
25666872
25668813
25679083
25704662
25716943
25730072
25731493
25741073
25764513
25775593
25854614
25911803
25966564
25977814
25986744
25994654
26003754
26027415
26047714
26288385
