# elapsed_ns, one measured sample per line, ascending
26258180
26427981
26431971
45787474
50077176
50116427
50222588
50254737
50378709
50391938
50436408
52096247
52565970
52898731
52971792
53057073
53059943
53087693
53088712
53099192
53182803
53200763
53211633
53225673
53234464
53234584
53245964
53248283
53249064
53265754
53272033
53288864
53304524
53316734
53332174
53332614
53336534
53352624
53370394
53375604
53390944
53404025
53419145
53441265
53460045
53462174
53475164
53493105
53504325
53529405
53541185
53604906
53724026
53900147
53914987
54008738
54669071
59318946
62476492
64645414
