# elapsed_ns, one measured sample per line, ascending
25865135
25927755
25933906
25972910
26030056
26056526
26095406
26096547
26099926
26110367
26142087
26142447
26164987
26169526
26184046
26193027
26212017
26218927
26255248
26264007
26336857
26348917
26356238
26382128
26389367
26400118
26410208
26454998
26476458
26500558
26504329
26520468
26521999
26523018
26608679
26621989
26689869
26753599
26779869
26817210
26843690
26898620
27067331
27952754
28508947
30576440
32061493
32429209
34018667
34317900
35048983
37161485
41091315
41716408
44457793
53335139
53373578
53581050
53591570
53928842
