# elapsed_ns, one measured sample per line, ascending
24460827
24508058
24532208
24563018
24580108
24587478
24591168
24593068
24597348
24601749
24605828
24613968
24621799
24626318
24630408
24631989
24636088
24643609
24644269
24651019
24660018
24660969
24661529
24671749
24674509
24675708
24676989
24677479
24679258
24682619
24683519
24685979
24701499
24702749
24710649
24715219
24716529
24718199
24721549
24723769
24724169
24731619
24731869
24735010
24742450
24747459
24764970
24765040
24767790
24768770
24772270
24784799
24794280
24814770
24815799
24842619
24852980
24857350
24904390
25060281
