105100
92391
90790
91321
90530
91171
90780
90001
99850
91081
90430
90940
90241
90720
90261
90550
90451
89820
90881
99730
90751
90490
90331
90700
97980
90291
89810
89801
90090
90561
106030
90451
89150
89751
90780
90111
89880
89600
90131
90140
89461
99380
90241
90110
89881
90270
89971
89710
90271
90250
91370
89561
98980
90361
89210
89621
90370
90511
90520
89801
90120
90180
89941
99560
90231
90660
90501
90710
97941
91120
91521
91420
90101
90140
99631
90970
90080
90871
90180
90371
89270
90161
89660
91831
90300
99361
90380
90371
90430
89820
90591
90420
90421
89870
91511
90190
99561
90280
90851
90660
89851
89720
90310
90461
90260
89791
90480
98291
90250
89391
90970
89871
98150
89951
90270
89360
90071
90000
98651
89790
89851
89640
89911
89980
90591
89050
89431
89830
89460
98211
90090
89751
90120
90181
90090
90561
90510
90261
90820
90500
99141
90730
90031
90320
90011
90280
90191
89950
90471
91100
90011
98590
89600
90661
89360
89071
98580
89971
89770
90311
90110
90681
101890
90591
90150
89971
89600
89780
90421
89590
89821
90100
97951
91130
90131
90180
90611
90050
90230
89741
89880
89821
89710
98351
91120
90091
89910
90021
89820
90211
90140
90790
89781
89840
99421
91550
90431
90400
90301
89750
96511
91090
90081
89960
89900
97371
90270
89911
89720
89971
90350
90161
90310
90261
90580
90421
97710
91050
89731
89900
89991
91280
90811
91180
90831
91290
91051
99020
91631
90850
91120
91191
91050
92051
90750
90441
90730
90771
99590
90691
90830
90690
90001
97500
90661
90330
90241
91690
90531
99070
90591
90270
90221
90810
90370
91101
90300
90211
90850
90191
99180
90211
90590
91161
90480
89861
89810
90150
89391
90100
89361
98050
91221
89810
89581
90370
89491
89930
89370
90581
90880
90211
98040
90621
90060
90261
89750
97911
89880
89911
89880
89810
89461
98190
89721
101010
90031
89710
90511
90340
90431
90920
91251
90290
123201
90780
90041
91180
90651
89550
89630
90111
89670
90811
90890
100721
89720
89771
90120
89531
89220
89320
89441
90100
90311
89910
98901
89700
89941
89530
89681
97560
90061
90020
89810
90001
98850
91371
89560
89521
90010
90251
90160
89611
89210
88901
90680
105301
91020
89550
90061
90070
90131
89730
90421
89460
89791
90050
97261
91360
89850
89951
89880
90611
90250
90751
90880
90271
90410
98201
90480
89821
89900
90300
95431
91560
90041
90550
89191
89870
97911
90190
90541
89640
90151
90380
90290
90401
90460
90381
90630
99041
90650
90371
90600
90591
90010
90221
90170
89980
90621
90140
97361
90750
90701
90260
90491
91680
89651
89940
89570
89551
90000
98721
90330
89571
89390
89511
97010
89851
89680
89811
89870
90920
100511
90460
89611
89460
89951
90050
90041
89650
89461
90300
90361
98370
90300
90501
89530
89571
90260
90011
89710
90251
89680
89861
98320
90431
90200
89900
90591
89960
90031
89830
89711
90330
90081
99580
92391
90610
89861
90610
98140
90801
90910
90491
90610
90661
99390
91041
90520
90501
90930
90510
90231
90360
91621
90750
90331
100920
90441
90460
89981
90300
89800
90441
90660
90411
90620
90881
98080
90451
91110
90661
90270
90071
90560
89980
90571
90330
90131
99230
90301
90690
90361
89880
96811
90410
90881
90670
90790
90721
99640
90891
90880
91091
91100
90781
90190
91021
90360
90771
90160
98691
90880
90030
89791
90590
89841
90260
90111
90330
90191
90650
99441
90590
90241
89610
90230
89851
89850
89771
89540
89941
90210
97831
89730
89921
89810
89440
98011
91300
90041
90580
90021
90660
99061
90470
90831
90320
90311
90340
90370
90821
90590
91181
90390
99751
90410
90781
90880
90791
90850
90801
90610
90270
90791
98330
91801
90790
90631
90480
90491
90940
90561
90270
90671
90290
98981
91480
90780
90681
90870
94851
90900
90851
90040
90711
90190
97811
90690
89981
90410
91040
90761
90190
90471
90530
89911
90610
97901
90640
90641
90760
90461
90500
90140
91101
90050
90151
89930
98111
89940
90021
91240
90311
90210
89441
90880
90710
90091
90650
98161
91450
90721
90740
90281
96940
90331
89810
90141
89800
90060
100651
89830
89301
89360
89701
90270
90211
90780
89531
90580
90871
99390
90360
90291
89920
90891
90000
90791
90240
90661
90690
90501
98070
90761
90490
91490
90301
90000
90331
90570
90781
90240
90941
2150771
123460
103141
95300
93431
92670
91451
90510
90980
90611
101890
90781
90190
90441
90660
90081
90210
91001
90890
90831
90190
3226616
157521
117221
107430
101971
96930
93751
94070
105881
92120
92251
91700
90610
99511
90950
90191
90400
90241
98210
91641
89670
90181
90040
89291
90060
90470
89941
90230
90571
99130
91171
89980
90271
89940
90761
90880
90001
90540
89930
91121
100050
91131
89750
90071
89970
89951
89930
89391
89130
89991
89430
98020
91111
89260
89531
90530
96711
90240
90731
89490
89631
89470
99041
91260
90830
89881
89710
124301
90040
89781
89570
90151
89710
98891
90230
88711
90270
89841
90230
89701
89050
89990
89701
90010
98131
89960
89361
89760
90111
90230
116941
91490
90851
89900
89651
99360
90030
89601
91210
89841
97200
89561
89900
89501
89610
89991
98250
90721
89870
90970
89611
90250
89581
89820
89251
89730
89881
98440
90551
89950
90111
89990
89970
90211
89690
89361
89910
89431
98040
90181
90160
90011
89850
89960
89531
90080
89991
89840
89521
97580
90221
89910
89531
90450
94501
89410
115091
90130
89840
99241
91080
89661
89460
89521
89750
90061
90460
138181
91560
89711
97620
89641
90240
89631
89870
89701
90040
90190
89731
89510
89701
99210
90061
90120
89891
89730
89971
89740
90871
90010
89780
89901
98260
89981
91060
89441
90110
95761
91330
91071
91120
90731
90880
100000
91981
90380
90631
90810
91071
90650
90401
90410
90171
90530
99471
90860
90640
90791
90680
90281
89900
89961
89920
89661
89610
97790
90021
89710
90201
89810
90001
89740
89301
89110
90031
89720
99341
89600
90250
89741
89740
97811
89180
89171
89100
89571
89620
97771
89610
89360
89441
89620
89621
89580
89821
89730
89321
90030
97961
89140
90011
89760
90010
89251
89590
89631
89580
89361
89800
97751
89570
89701
486262
103781
92020
99090
90011
90250
89801
90950
96741
90300
89641
89380
89791
89610
99511
89810
89400
89721
89270
89531
89330
90401
89890
89591
89360
98221
89600
89521
89590
89520
90191
89420
89981
90070
113801
90130
98671
89930
89921
90150
90981
90150
90800
90721
90680
126981
92211
98100
90860
90751
90440
89851
96660
90111
89710
90041
89890
97921
91080
90151
90130
90180
90071
90460
90041
89790
89881
89400
97141
90710
90251
90050
89231
89710
89720
89831
89860
90321
89890
89791
99580
90631
90140
89881
89390
89250
672794
126361
95740
97220
92121
90260
90831
90020
90361
98990
90251
89860
90121
90630
90361
90150
90680
90661
90490
90791
104790
91221
90580
90631
90570
91091
90330
89861
91890
89741
98550
90660
90391
89880
89741
90450
90281
90010
90311
119230
90371
98440
89921
90440
90421
90220
98191
90310
90190
89641
152721
98680
90181
89970
89831
90980
90390
90341
89930
89911
90020
91411
99380
90221
90630
89931
89880
89741
89720
89060
89511
89320
90551
99320
90031
89050
89721
89360
89791
89830
89170
89791
90830
89971
104520
91141
89800
89001
90760
96881
90000
89680
89651
89860
162931
91211
89770
89671
89710
89390
89761
89900
90101
91190
89791
145150
92541
90150
89801
89750
90671
90280
90391
89710
89391
89660
98921
146170
92041
89490
89621
90040
89221
89370
89520
111361
109021
507822
106171
92840
91011
89930
100731
90130
89830
89571
89420
90801
90100
90371
90210
90311
90820
99171
90560
90661
90580
90620
91111
90430
91111
91090
91001
90380
99461
90270
90501
90680
91701
90620
91330
90341
90450
89991
91060
99681
90830
90411
90560
90261
96000
89891
89650
89300
89601
89380
98051
89320
89441
89870
89581
89950
89821
90460
90320
90491
90320
99431
90840
90751
90930
90461
91510
90751
91000
91321
91120
90801
100130
91090
90341
90490
91231
91830
91371
90860
90941
90910
91411
98840
91051
90200
90510
91951
101890
91391
90710
90851
90270
99511
91670
91271
90600
90581
90330
90161
90160
89780
89961
89870
98661
91240
89631
90420
89691
89760
89671
89870
89451
89900
90000
96821
91830
90981
89780
90451
90920
90221
115510
90761
90430
90881
98720
90501
90310
90091
90740
97430
90171
143101
91580
90521
97710
91581
90790
90590
91011
90490
91061
90450
90491
89880
90261
98770
90911
90120
89671
90530
90590
90001
90120
91081
90680
90811
98660
91071
90480
90581
90790
91421
90180
113321
90310
90330
89771
98610
89771
89780
90291
89510
96991
111690
503513
93670
90031
89850
90081
90600
90231
91020
90170
90451
98850
90741
91010
90491
90030
89891
89880
90411
89580
90240
89661
99110
89901
90240
90121
91270
90051
89560
89471
90150
89780
89841
125361
89900
89440
90041
89960
96521
89900
89791
89580
90341
89710
98391
89890
89801
91540
90330
89361
89730
89601
91020
89821
89380
99761
90230
89781
89960
89600
90071
89750
89351
89610
89821
89850
99111
90440
90421
89940
90191
89830
89810
89791
89490
89771
90460
124961
90050
90081
90260
89781
98100
89971
89650
89931
89900
97971
143610
91421
89810
89571
90070
89801
90040
89380
90011
89520
99251
90060
89401
90070
89771
89090
89551
89360
89270
89801
90250
99101
89910
89231
89440
89981
89610
89171
89380
89561
90130
89320
99021
88840
88991
89470
89811
95270
89931
89860
90211
89970
90160
100361
89770
89551
90180
90581
89800
90101
90020
89391
90160
89831
98080
90200
89821
90150
90421
91470
90041
90130
90051
90270
89831
99420
90211
89720
91120
89921
89680
89551
89360
89741
90840
89351
98900
89891
89510
89990
89621
101690
110521
110121
110340
110341
105110
89461
89470
89491
90500
89830
89691
89370
90191
89870
90121
98840
89711
90110
89881
90020
89721
90170
89890
89601
89720
90081
98000
90451
89570
91141
89810
89611
89840
89920
89941
89850
89661
97540
89441
89490
90071
89730
96241
90850
90291
89900
89910
90721
99600
89971
89490
89241
90280
89831
90110
89831
90870
90171
89540
97800
89741
89460
90021
89910
89731
89770
89381
90600
90041
88920
97561
89640
89740
89541
89780
89601
89930
90001
89690
89731
89600
98361
89940
89620
90161
90100
93831
89930
89701
89830
89521
90730
126731
89900
90121
89330
89711
89570
89870
90321
89530
89401
89860
97561
90540
89521
89520
89630
89911
89710
89691
89680
89901
89950
98181
90380
89701
89840
89450
90181
89770
90231
90180
89561
89630
98671
89340
89891
90070
89651
96990
90060
89921
90140
89581
89570
98351
89970
90221
90280
90021
89640
89651
90070
90090
90061
90600
97641
89600
89191
90080
89971
89810
89761
90000
89310
90081
90110
98201
91030
89431
89800
89661
89590
89631
89780
90161
90060
89800
99021
89410
89411
89430
89481
97260
89741
89410
89871
89570
89440
98591
91150
89701
89220
90111
89640
90051
90180
89961
89980
89611
97820
90160
89351
89300
89171
89450
89111
89350
89511
89690
89531
97820
89991
89720
89390
89791
89460
90961
90020
90141
89730
89961
99380
91041
89910
89720
89781
97950
90411
91300
89731
90130
89541
98610
90151
91280
89541
89430
89740
89811
89870
91701
89990
90871
98200
90161
90460
90681
90380
89801
89690
90240
89951
89570
89411
98080
89711
89720
89311
89240
89631
90280
89390
89691
89920
89541
99800
90161
89740
89631
89660
94821
89770
89881
89550
90000
90171
123331
91050
89570
89761
89830
90021
90090
89461
89600
89691
89950
99631
89580
90520
90301
89930
89881
89990
89881
89940
90071
89940
99891
89600
90261
90990
89740
89761
90070
89811
90280
90211
90090
97581
89560
89601
89620
89570
93721
89340
89351
89880
89461
89290
98291
90020
89321
89980
90061
90110
89760
90121
89370
89841
89400
96941
89560
89911
89870
89901
89990
89310
89421
89190
90201
91000
98111
89900
89531
89960
90341
89840
89930
90031
90190
90151
89890
125181
91330
106501
101320
113231
98910
98851
106690
99731
107651
97340
246151
91961
90180
90171
90350
90411
90630
99190
90881
89580
90061
91130
89721
90100
89461
89960
90121
90160
96801
90590
89730
89891
89570
89401
89390
89781
89320
89161
88890
96321
90290
89390
89551
89030
90561
94320
90231
89730
90561
89120
98871
91230
89271
89810
91210
89911
89740
89341
89560
90351
90130
98541
91960
90681
90140
90101
91110
89570
89841
89710
89561
90170
97461
90400
89531
89850
89871
90870
89830
89611
90560
90051
89450
96691
91830
90601
90070
89681
89960
93531
89940
89920
89701
89600
95891
90390
89721
89490
89851
90140
89511
89570
90440
89691
90510
97311
91070
89701
89400
89541
89770
89221
90480
89891
89620
89150
89811
97890
90221
89400
89261
89530
89531
89410
90111
89830
89960
90391
99070
89981
89820
90241
90260
95441
90390
89941
90870
90261
