104891
101340
90201
89080
88361
89300
88441
89470
89591
89620
88690
89441
89470
97691
89390
89521
90050
88781
89600
88811
88930
88910
88591
88810
96841
88710
89071
88920
89021
94400
89441
88710
89000
88971
89140
98001
89350
89021
89210
89401
88730
89740
89391
89220
89141
89800
97331
89480
89571
88480
88981
89690
89300
89461
89140
89701
88960
97661
90200
89251
89020
89121
88580
89200
89341
88950
89541
88340
97041
89620
88771
88830
88781
94300
89050
89151
89420
89571
89240
97761
89940
88931
89110
90951
89390
88880
90121
89590
89031
88930
98641
90010
88791
89010
89601
89390
89300
89081
89320
88601
89070
98771
90280
89331
89130
90461
89090
88441
89070
88470
88751
89010
97501
90160
88401
88340
88691
89120
95171
89110
89580
89591
89440
97161
90620
89801
89810
90001
89980
89541
89140
89040
89011
89210
89041
98460
89611
89280
89351
89440
88731
89210
89000
88911
89050
88691
96830
88851
88510
88391
89050
88781
88540
89160
88511
88380
89381
97100
89601
89140
88891
89070
96741
89790
89510
89731
90450
89501
97440
89431
89360
89621
89880
89091
89590
89001
89370
89370
89641
97600
90251
89460
89201
89110
88981
88650
88981
89260
88670
88481
98690
89131
88900
89301
88670
88941
89030
88841
89370
88920
89821
97270
89471
89550
89141
88740
93171
90370
89711
89400
88920
88811
98530
89941
89210
89481
89230
89391
90300
89451
89320
88980
89801
97160
89631
88890
89051
89320
89161
89080
88831
88480
90010
89241
95930
90001
88800
89031
89160
89021
89620
89291
88630
89570
89171
88660
97071
89230
89171
89210
88921
93680
89261
89140
88990
88931
88700
98201
89280
88361
89280
88841
89080
89191
88940
89180
89401
89000
97661
89610
89241
89280
89251
89670
89161
89600
89560
89361
89840
98251
89260
89171
89960
89261
89640
89901
89190
89500
89211
89000
97461
89460
89101
89410
89561
95720
89920
90461
89970
89721
89810
100381
89720
90471
89630
89351
89100
90101
89180
88490
88811
88950
98001
89270
89101
89070
89111
88960
89411
89170
90350
89281
88350
96941
89090
88981
89090
88911
89010
89041
89200
88830
89691
90070
96951
89800
88921
88890
88951
94500
89881
89140
89440
89221
89340
96021
89840
89461
89360
89001
88800
89001
88890
89340
89101
88640
95941
90240
89211
89460
89131
89000
89451
89010
89130
88781
89160
96721
90200
89281
88950
89021
88920
89311
89360
89890
89591
88860
89191
97570
89021
89100
90871
90120
95281
89220
89131
89510
90010
89151
97350
89291
88850
89991
89610
89041
88660
88961
90280
89190
88631
96730
89411
88860
88701
88790
89091
88740
89551
89330
89870
89161
96840
89761
89210
88921
89580
88881
89280
88771
89010
89790
90301
100050
89551
89310
89211
88960
95021
89340
88901
88840
89310
89371
97490
89471
89480
89121
89860
89121
89080
88571
89510
89280
89251
99130
89381
88670
89411
89010
88861
89390
89471
89120
89671
89200
98880
89721
89120
89551
89160
89201
88740
89881
88950
89631
89050
97160
89491
89280
89591
89360
94231
89600
89271
89360
89601
89380
98231
89830
88540
89281
89940
89371
89500
89481
88780
89061
89470
96341
90600
89420
88941
89580
88901
89120
89251
88780
89001
89360
96831
90500
89420
89181
91700
89891
89130
89021
90050
89041
88970
89301
98260
89100
89561
89660
88891
93290
88661
89230
88721
88930
88981
97670
89400
89261
89230
89041
89530
89071
89190
89061
89390
89551
97890
90030
88681
88870
89421
88950
89131
89260
88821
89360
88670
96171
88990
88801
88830
89231
89000
89081
88920
89300
89381
89220
97641
89540
88991
88960
89341
94610
88701
89240
88891
89110
88820
97801
89680
88751
89680
89261
89340
89751
89410
89461
89690
89590
97701
89580
89421
89500
88841
89420
89321
89220
89301
88660
89380
96261
89770
88701
88940
89391
88840
89161
89390
89011
89180
88770
97201
89790
88871
89130
88921
93010
90951
89560
88801
89040
89170
97941
90220
89181
88790
89061
89480
88901
88980
88971
89670
89210
89291
98170
89501
89700
89331
88990
89471
88780
89141
89360
89240
89001
98420
88811
89230
88951
88970
89061
89220
89361
88920
88930
90171
96950
89281
89580
89721
88810
94891
90170
89131
89430
88881
89590
97710
89161
89360
89211
89050
88851
89070
89011
89360
89781
88850
96850
89261
89070
88681
88960
89291
89190
89371
88990
89471
88920
97250
90471
88910
89501
88410
89101
89050
89411
90280
89721
89430
97750
89771
89650
88961
89660
96771
89860
89721
89540
89101
89340
96801
90040
89850
89341
89340
89371
88720
88941
89160
89111
89060
98901
89200
88940
88911
89070
88761
89010
88941
89310
89011
89240
96981
90350
89080
89431
89890
89091
89330
89451
89110
89071
89160
95831
91040
89130
89161
88810
89441
94870
89261
89410
89141
89680
96871
90020
89400
89411
89130
89071
88660
89381
88730
89051
89060
88631
97430
89110
88941
89220
88831
88950
89581
89640
89041
89060
89751
97920
89410
88801
89110
89271
88900
89881
90000
89681
89460
89081
96930
89930
89171
89240
89341
95700
88971
89060
88791
88720
88810
97581
88970
89101
88780
88891
88970
88711
88850
88711
89410
89380
99471
89480
89231
89700
89191
90590
89541
89310
88971
89290
89100
98641
89240
89011
89130
89091
89110
88761
88930
89011
88970
88630
97901
90040
88341
89510
89291
93920
89681
88850
88861
89060
88550
97301
89230
88491
88940
88621
89200
89211
89500
89151
88840
89980
96811
90190
89361
89690
89081
89080
88871
89600
89041
89330
88900
96041
90010
89481
89070
89261
89050
89131
89160
89541
89690
88940
89151
97180
89551
89150
89341
89920
94091
90480
89541
89100
89671
89340
98400
89171
88970
89821
89000
89351
88440
88971
89050
89001
89200
96570
88911
88920
89191
88830
88461
88690
89391
89220
89311
89530
97740
89501
89470
89211
88960
89491
89050
89671
89250
89601
88920
97540
89021
88870
89161
89030
96191
89720
89111
89810
89771
89080
97661
89390
89460
89121
89150
88691
89510
88851
89930
89341
89040
97791
89140
89010
89271
89670
89661
89420
89461
89520
89381
88980
97341
89670
89260
89271
89930
89301
89300
88761
89070
88921
88790
98121
89430
89100
89141
89380
93831
90080
89031
89500
89531
88990
97011
89690
89300
89071
89380
89231
88460
88941
88970
88741
88750
97451
90850
89520
89021
89260
88911
88690
89261
89700
89311
89360
89171
97140
90210
89001
89170
89271
89070
89361
89880
89421
90040
89591
98030
89551
89480
89260
89011
94630
89071
89430
88751
88900
89221
96440
89381
89170
89170
88851
89210
89211
89250
89261
89020
89111
97130
89721
89010
89520
89061
89700
89811
89450
89241
89580
89490
110591
89400
89261
89350
89481
89210
89081
89320
89221
89430
89471
97270
89420
88731
89000
89141
95470
89431
90320
89331
89750
89821
96880
89281
89300
89460
89371
89300
89591
88940
89461
89230
89021
99920
89371
89210
89060
89291
89460
89471
89140
89511
88650
89401
98730
88981
88650
88710
88501
89250
89071
90070
89031
88830
89381
97300
90131
88890
88910
88891
92990
88941
88960
89071
88940
88771
97450
89821
88740
88940
89161
88690
88991
90160
89071
89770
89841
96220
90171
89220
89230
89321
89640
89371
89540
89661
89300
90311
96220
90351
89500
88960
89341
89160
88821
89040
89101
89590
89001
89890
99391
89590
89291
89380
88920
94761
89410
89051
89240
89151
89030
97211
89290
88451
89000
88920
88791
89060
88781
89020
89121
89100
98831
89440
89001
88970
88840
89111
89170
89231
89670
89061
89040
98691
88830
88471
88730
89540
89341
89310
89291
88510
89841
88870
96701
89970
89241
88860
89490
95071
89850
89481
89310
89421
89550
97961
89300
89451
88990
89660
89361
89230
89691
89170
88941
88910
97051
89670
89211
88960
89070
88781
89940
89351
89410
89211
88910
96281
90270
89041
89810
89010
89261
89080
89501
89420
89241
89530
96751
90960
89781
89820
89341
93360
89890
89441
89510
89321
89310
98801
90010
88981
89910
89401
88630
88820
88531
88700
89171
89170
99391
90120
89191
89090
90371
89110
89910
89261
89460
89701
88780
98671
89810
88621
88990
88701
88940
88680
88941
88980
88961
89070
89041
99170
88931
89280
89501
88950
95720
89121
88840
88691
88960
88791
100230
88991
88740
89120
89511
88960
89931
88790
89481
89190
88731
97180
89811
89530
88850
89531
90570
89431
89560
89651
89850
89911
100030
90321
89330
89471
89580
89360
88671
88760
88911
88970
89221
97760
89701
88930
88561
88850
93300
88881
88800
89051
89160
89551
96920
89311
89070
89051
89330
88590
89001
88990
88721
88920
89671
97000
89711
88740
89561
89210
89000
89261
88850
89361
88930
88731
119490
89321
88660
88891
88480
89751
88720
89110
88921
89100
89141
97460
89021
89200
89081
89080
92701
89730
88970
88661
89720
89121
97430
88931
89610
89861
89640
89001
88910
89280
89751
89220
89211
97410
90081
89380
88521
89640
89091
89060
89270
89271
89120
89141
96150
90561
88930
89631
88870
88671
89410
88840
89351
88480
88921
97650
89831
88990
89021
88980
89121
93190
88900
89011
88830
89421
88770
96751
89480
89161
89200
88901
88790
89720
88941
89690
89101
89590
98211
90000
89051
89510
89001
89310
89240
90041
90100
90041
89460
96711
90040
88941
89640
89341
89290
89691
89010
89670
89491
89120
99521
89780
89041
88850
89171
93800
89511
88830
88990
88941
88970
97611
90110
89391
88860
88871
89370
88951
89030
89150
88791
88860
97391
89220
88291
88970
88541
88660
88841
88830
89020
88991
89300
97291
89760
88651
89170
89271
88720
89091
89340
88970
89011
88960
96161
89490
89131
89020
89611
92580
89601
89000
89040
88791
89070
95701
90090
89001
89090
88641
89080
90041
89110
89020
89291
89150
97161
89750
89321
89800
89141
89370
88970
89011
89430
89561
89650
89541
97410
90471
89540
89601
89340
89020
88811
89840
89281
89710
89411
97990
89421
88830
89921
88960
93080
89501
89180
89061
89000
88931
98510
88941
89140
88911
89120
89690
89451
89300
88971
88850
88991
97390
89341
89020
89221
89360
90780
89741
89180
89301
89760
88521
97450
89701
89150
89221
89610
88950
89091
88810
89011
89080
89301
99340
89641
89360
89431
89780
93151
89770
89430
88861
89230
88941
97700
90691
89170
89071
89650
89111
89180
88910
88931
89520
88741
98240
89601
88900
89361
89120
89041
89200
89140
89281
89620
89081
97060
89881
89650
90081
90970
89221
88760
88990
89121
89010
89371
97230
91211
88770
89141
88900
93041
89930
88620
89061
89450
88231
95740
90251
89760
88941
89530
89051
89430
89490
88951
89200
88801
89160
97611
88970
88971
88810
88711
89650
88540
88761
88810
88691
88950
97621
88960
88861
89080
89291
88930
89040
88431
88580
88931
89100
97611
89270
88421
89140
88961
93160
88810
89711
89530
89491
88920
97481
89630
89451
90010
89631
89250
89190
89131
89250
89741
89480
99191
89630
89631
89050
89241
89010
88861
88640
89110
88581
88760
98781
89840
89091
89100
89531
88880
89211
89020
89270
89041
88900
96891
89230
89251
88650
89061
93720
91071
89290
89920
89891
90630
97971
90570
90761
90140
90471
89700
89901
89610
89671
89790
90010
101761
91080
89391
89510
89141
89620
89311
89630
88781
89380
89190
97001
89830
89361
89540
89781
88870
88311
88970
89171
88940
88590
97981
89990
89271
88700
88801
92250
89891
88800
89281
88860
89340
96361
89720
89241
89140
89171
88690
88801
89070
89120
89501
88710
89121
98390
89211
88990
88801
89080
88971
89340
89790
89611
89360
89341
98200
89581
89290
89351
89000
88981
88910
88870
88891
88630
88801
97730
90101
88510
88891
89030
93981
88740
88760
88721
88740
89401
100040
89111
88890
88941
89060
89051
89800
88890
89511
89660
89011
98280
89771
89190
89191
89680
90031
89690
89400
89521
89020
89601
98070
90771
89290
89491
89180
89231
89000
88900
89171
88430
89221
98680
89611
89210
88441
89400
93661
90000
88981
89150
89140
88881
96780
89341
88970
88991
89470
89071
88690
88491
89500
88790
101581
98540
89201
89500
89311
89100
88911
89030
89111
89370
89080
90311
97940
89781
89010
89421
88900
89081
88770
89081
89090
88820
88941
95370
90221
89990
88771
89380
90221
93540
88981
89290
88861
89220
96790
90561
89370
89251
89360
88981
89010
89261
89330
88931
88990
89240
97421
89140
89411
89190
89161
88780
88831
89290
89551
89280
89160
97151
89650
89431
89290
89471
89360
89531
89600
89661
90000
89470
97091
89690
89031
89430
89441
97850
89661
89440
89581
89590
89201
98100
89950
89111
89830
89251
89390
89931
89270
89151
90820
89191
97580
89960
90461
90790
90031
88970
89511
88630
88811
88660
88731
97630
89550
88741
88770
89521
88800
88691
88710
88921
89020
88571
96030
88570
88361
89360
88591
94480
89411
89010
89451
88900
89391
98210
89991
88730
88850
89871
89270
89151
89080
88861
89380
88961
96970
90451
89770
