100770
91411
90240
89971
89630
89821
90520
98791
89900
90561
90090
89541
89740
89620
89641
89540
90451
89530
98921
90530
90281
90610
89551
94200
89461
89650
89300
89131
89500
97561
89450
89001
89810
89591
89640
89881
91590
89880
89551
90320
97581
89840
89451
90050
89451
90440
90111
90180
89941
89560
90010
99901
89580
89631
89230
90021
89660
89701
89420
89390
89581
89540
98051
89790
89711
90200
89831
95760
90441
91340
90230
90031
90260
98751
89820
90961
90140
90271
90240
90531
89800
90111
90990
90130
97691
89850
90041
90370
89971
89970
89811
90950
89531
89540
89630
100981
89600
89251
89230
89031
89720
89801
90170
89721
90020
90091
97930
89850
90511
90590
90141
94360
89571
89670
89801
90170
89831
98300
90701
89320
89680
89651
89290
91021
89880
89861
89330
90671
98220
90331
89970
90861
90200
89920
89901
90040
90521
90050
90111
98000
90201
89640
89531
89940
90770
90451
91220
90111
90460
90481
98850
90791
91020
90691
90000
94351
90500
89860
90081
89630
96911
90650
89881
89580
89951
89880
89701
88960
90231
89660
89370
89151
98090
89671
89650
90131
89770
90011
89410
89431
89940
89740
89201
97800
90501
89880
89501
89530
89651
90230
90911
90600
90191
89870
98890
91711
90070
89841
89640
94121
90850
89981
90670
90231
90900
98551
89770
89580
89851
88830
89761
89280
90491
89180
90211
89680
97671
89870
89910
89531
90330
90441
89780
89901
89940
89981
89850
97811
90150
89901
90280
89410
90041
89490
89821
90070
90651
90400
99821
89860
90001
90110
91071
94560
90840
90821
90610
89711
89620
99511
91140
90391
89840
89571
89530
89370
89621
89120
89531
89270
97581
89920
89881
89970
89531
90440
90131
89240
89630
89791
91800
98171
89760
90181
90190
90861
91320
89931
90370
89971
90290
89390
98701
90700
90381
90390
90111
94340
90601
90940
90431
90240
90011
99270
89680
90291
89490
89561
90120
90461
90590
90711
91360
97770
91811
90360
90171
90240
89941
90400
90191
91800
89931
91160
96531
90820
90090
89731
89710
89671
90160
90171
89390
89801
89650
96451
91040
89980
89971
89870
89731
94890
89761
90100
89621
90130
97741
91090
90281
90080
89770
89301
88980
89981
89080
89881
90020
99401
90490
89131
89700
89480
89211
90100
90071
90510
89701
90170
89961
99040
90171
89700
90701
90910
89610
90001
89630
90581
90270
98401
92180
90231
90070
90201
90410
96101
90060
89510
89621
89510
97881
91480
89551
89110
89741
89410
90231
89810
89700
89951
89630
96511
91120
89711
89140
90201
89450
89221
89510
89041
89000
89980
89251
97950
89691
89580
89921
89710
89341
89690
89981
89350
90110
90071
98000
90281
89860
89301
89460
94421
89950
90111
89600
90191
90290
98350
89871
89830
89981
90720
90111
89350
89401
89780
89721
90080
99661
90130
90120
90061
90430
89411
89580
89531
89670
89561
89610
98001
90070
89920
89591
90570
89901
89580
90101
90000
90021
89610
99711
89820
90111
90100
90590
97471
90590
90781
90610
89821
90420
99071
91410
89911
90380
89671
89300
89760
90031
89050
89351
89570
98381
89900
89561
89950
89471
89760
89820
89421
90550
89451
89810
97961
89630
89761
90130
89271
89790
89551
89930
89510
90291
89700
98561
89500
89991
89960
89271
94790
90011
89470
89750
89111
89080
98351
90670
89231
90230
90131
90220
89861
89650
90091
89420
90050
97581
90140
89821
89680
90041
90260
89971
89440
89501
90010
90450
98961
90120
90111
90250
90401
89650
89191
89320
89181
89270
89280
97591
89960
89891
89920
90271
94400
89941
90270
89391
89360
89430
97311
90610
89911
89810
89451
89610
89961
89510
89521
90120
89780
97231
90720
90061
90170
90601
90570
90631
90710
91631
90120
90101
98030
90470
90181
89790
90321
89670
91291
89610
89981
89790
89091
99810
89971
89700
90040
90091
94410
89531
89710
90161
89440
90011
98390
89771
89490
89270
89701
89500
89211
89520
90401
90920
89971
98520
90421
89500
89581
89720
89480
91331
89260
91141
89960
89321
98380
90511
89770
90141
89610
90400
90441
90830
90291
90010
90241
98720
90271
90270
90891
90510
94511
90160
89930
89151
89820
89761
99030
90891
89570
89111
89730
89021
89680
89561
89660
90090
89691
97350
89851
89530
89681
89730
89781
89450
90011
89950
89440
90291
97290
89901
89490
90141
89310
88731
89330
90411
89800
89290
90281
97410
90091
89800
89431
89750
96161
90650
90061
90480
90141
90060
98251
90930
90400
90271
90290
90291
91340
91351
90490
90701
91760
99191
91470
90471
90630
90900
90771
90120
90481
90030
90051
90260
98941
90490
90011
89560
90831
91420
90030
89781
90370
90541
90440
97981
90030
89931
90420
90121
96170
89841
90270
90500
89511
89690
97461
89900
89981
90440
90101
89750
89781
90510
90320
90521
89540
97921
89730
90301
90110
90211
89840
90171
90200
89871
90440
90290
98631
89810
90171
91120
90211
90280
90261
89930
90011
90340
90070
99211
91390
90341
90290
90561
94470
89931
90790
90091
90260
90121
98800
89981
89810
91010
90741
90590
91281
90250
90011
90270
97161
91410
90011
90390
90770
89551
90310
90551
90230
91161
89720
97541
91960
91141
89940
90160
90581
90110
90351
89650
89911
90720
97491
91090
90111
90150
90140
93611
91130
90821
90060
90811
90050
97051
91420
90371
90270
90571
90200
90120
90161
91220
91021
90970
98651
91020
90851
90800
90651
89960
90171
90350
90250
89781
90020
98051
90810
89511
90050
90101
90060
89571
90160
90291
89580
89510
97681
91050
90041
90300
90341
93660
91511
90170
89511
89960
89881
99010
91060
89521
90950
89851
89310
89981
90140
90251
90800
90571
97630
90711
91110
89400
90731
90140
90331
90020
90411
90200
90301
99110
90701
90570
90851
90840
90090
90551
90420
89891
90230
90991
99430
91111
90730
91091
89890
95061
90690
89890
90541
90730
90171
98020
90271
90000
90101
90150
90341
90180
89711
90270
90200
90011
98020
90771
90050
89711
89680
89711
90560
90021
89640
90910
89831
99500
90401
89820
90741
90350
90491
89800
89761
90470
89781
89870
98560
89861
89900
90011
90640
96551
90900
90561
90370
90041
89590
98031
90440
90301
90340
90730
90441
90230
90011
90370
90291
90600
99131
91050
90221
89870
90290
90801
89920
90081
90780
90191
89640
98291
90510
90651
90320
90251
90830
91010
90021
90280
90471
91020
99341
90460
90281
91170
90071
95630
90811
89440
90740
90041
90160
98631
91180
90621
90890
89971
90350
91171
90010
89751
90540
89420
97341
89940
89991
90380
90221
90230
90261
89340
89601
89650
90811
98660
90730
90451
90380
89871
90430
89901
89860
90261
90240
90081
98960
91391
90080
89950
90581
94720
90161
90160
90091
90740
90051
99030
90200
89811
90110
89631
90470
90261
90040
90061
90000
90861
99010
90691
91350
90550
90261
89810
89741
89960
90281
89760
89641
99240
90461
91310
89921
91150
90140
90441
90040
89591
89730
90221
98030
90241
89840
89771
90420
94720
90691
90770
90041
90100
90171
98830
89641
89850
90281
90460
89931
89900
90160
89841
90210
89931
98180
90051
89690
90061
91250
91571
90680
90581
90650
89710
89601
99220
90031
89720
91041
90160
89721
89860
89901
89620
90720
90001
99430
90561
90570
90481
89790
93851
90830
90711
90020
89731
96800
91741
90700
89980
90411
90250
90261
90570
90481
91400
90081
97130
90931
90730
91091
90050
90720
90351
90060
91021
90550
90031
98020
92051
91890
90871
90660
90241
90570
90080
89781
90080
89711
99680
91371
89850
90211
89330
93391
91450
90061
91300
89860
90171
98360
90821
90010
90341
90530
90041
89750
90141
90020
90140
90251
99700
90321
91090
90761
90030
89821
90190
90661
90210
90241
90160
98131
91040
90220
90551
91200
89751
90640
90491
90760
90361
90030
98551
91060
90421
90120
90720
96221
90700
90101
89730
89961
90040
98491
90730
89091
89760
89921
90320
89470
89421
89530
90361
90180
98621
90760
89961
90090
90891
90470
91610
90441
90870
90451
89750
98831
90160
90781
90940
90771
91700
90451
90860
90500
90601
90360
98941
90780
90671
90570
90191
97930
90591
90360
89921
90200
90001
97490
90540
90251
89770
89871
90400
90341
89860
90141
90080
90241
99860
90600
90051
90020
90021
90300
90011
89650
90491
90760
90450
98881
90190
90381
90610
90391
89880
89941
89820
90151
90660
90661
97790
90350
90051
90360
90441
96630
90841
90380
90811
89910
89791
97320
90851
90800
90060
91141
90350
90541
90490
90651
90100
91241
97880
91161
90820
91721
90410
91030
92121
90930
91621
90000
91491
99130
90331
90340
90401
90170
90811
90740
90071
91320
89860
90191
123190
91091
89870
89861
94220
90811
90300
89451
90230
90401
98510
90591
89870
90430
90651
90170
91101
90540
90301
90360
90401
97570
90641
89890
90371
90600
89720
90121
90110
89981
90690
89891
97920
91211
90520
90021
90100
90141
89620
90100
90081
90200
90021
97100
91421
89730
89981
90150
96891
91530
90271
89850
90520
89861
100110
90831
90490
90811
90670
90511
90340
90221
90360
90531
91010
98870
90851
90460
89961
90160
90191
90200
90801
89970
90671
89530
98831
90850
90240
89971
90260
89451
89990
90211
91140
90471
90230
97541
90520
90001
89610
89810
96901
90090
91531
89860
89671
89670
96631
90370
90751
89380
90121
90000
90530
90961
90370
91281
90730
99201
91560
89991
90130
90751
90340
89921
90440
90910
90501
90680
97841
89940
89771
89800
90061
89080
91021
90130
90220
90591
89520
97941
91010
90761
89780
90131
96780
90501
90640
90171
90470
90610
98251
91250
90701
90070
90431
90140
90261
90680
90421
90810
90061
99600
90931
90260
89980
91061
89550
89691
89570
89781
89580
89921
99620
90421
89790
90040
89961
89910
91401
90060
89761
89620
90561
99160
90591
90470
90410
90441
96840
90291
90380
89961
90310
90031
100750
90871
90520
90551
90090
89870
90071
89910
90371
89800
89411
98550
90901
90000
90141
89710
91560
90461
90420
90361
90150
89801
101090
90181
90990
90021
90600
90121
90880
90170
90241
90310
99231
91840
90341
90350
90301
90420
97641
90210
90491
90090
90110
99761
90370
89641
90300
90201
90070
90201
90400
90581
90660
90821
98650
90961
90660
90240
90581
90670
89981
89290
89661
90390
90601
97530
91511
90190
90451
90190
90130
90551
90110
90681
91420
90251
96820
90861
89990
90341
90070
94460
90781
89960
89911
89790
90181
98400
90861
90090
90231
90560
89991
90510
89920
89991
91110
90431
100480
91091
90190
90271
90010
90101
90390
90511
90430
90510
90411
99920
90661
90350
90521
90280
89961
90270
89861
89870
90091
89960
98130
90381
90070
90461
90350
94651
91100
90311
90590
90371
90080
98311
91020
89760
89551
90920
91951
89920
91151
90270
89871
90210
97381
90770
90681
90000
90380
90341
90470
89751
90740
90271
90020
98661
90460
90311
89670
90441
90750
90390
89861
89850
89961
90100
99371
90220
90771
89930
90761
95780
90531
89910
90640
89861
90320
97961
91110
90571
89970
89651
89450
91091
90150
90711
90380
90290
99101
90490
91791
90420
89981
90620
90551
90320
90231
90730
91041
97330
90280
90041
89520
90301
90170
90441
90340
89871
90460
90081
98870
90811
89890
90200
91741
101880
90371
89830
90331
89920
90181
98410
90351
90820
90761
90490
91060
90221
90900
90371
90560
90641
98570
90971
90090
90871
89910
90211
90480
90230
90001
90640
90291
98680
90771
90460
90901
89930
90481
89440
90220
89971
90090
90181
98520
90381
90230
90171
90610
97541
90480
90090
90491
89750
97041
91490
90531
89890
90631
90230
90381
89940
90411
90140
90030
98461
91590
90351
90130
90651
90290
90741
90280
90971
90170
90991
97930
91470
90161
90040
90781
90300
90181
90460
90501
90740
89901
98340
91231
89520
89870
90251
95990
91281
89960
90371
89660
90061
98270
90111
90280
90521
91180
89730
90021
90210
90011
89790
90021
98830
90961
90490
89891
89970
90321
90320
90920
89891
90130
89951
98110
91081
89820
90541
90370
91051
90320
90551
90320
90210
90291
98830
90201
90130
89711
90630
97161
90550
90191
89520
89651
90090
96550
90241
89580
89891
89450
89731
90460
91171
89800
89761
89580
98111
89960
89760
89551
89730
89831
89300
90681
90040
90111
89890
98721
91040
90070
89941
90190
89671
90530
90001
90450
89831
89740
98311
90960
90231
91660
90580
95691
90590
89811
90580
90751
91030
98381
91690
90091
90450
90371
90800
89630
90611
90590
90541
90010
97981
91230
90171
89940
90091
90450
90091
90440
90470
90421
90250
98541
90650
90591
91140
90251
90430
90051
90440
90101
90620
90000
99011
90790
90081
89510
90861
98180
89961
89950
89561
90240
90221
98130
90560
90261
90090
90181
90170
90441
90510
90961
90320
90191
100990
90141
91210
90070
89931
90530
89951
90280
90751
89890
90111
99660
90841
90290
90231
90470
90450
89821
90450
90331
91180
90921
98630
90351
90140
90381
90300
96951
90380
