98591
90490
89631
89390
89401
88800
89380
88941
98560
89381
89480
89051
88960
89761
89230
89341
89050
89260
89221
96830
89321
89250
90291
89390
89711
89360
88751
89140
89070
89441
97720
89531
89350
89341
88520
94781
89150
88611
89040
89750
88921
98120
89161
89030
88691
89890
89101
88770
88951
88630
88710
89271
97180
89121
88690
88581
88860
89191
89660
89111
89570
89220
89611
100820
89971
88770
89011
89180
89001
88580
88771
88840
88870
88731
96640
90381
88440
88551
89380
93651
90250
89721
89680
89591
88610
95990
89851
88980
89091
89870
89101
89210
88801
89330
88720
88841
88430
96941
88680
89531
88690
91111
89750
89541
88810
88941
88570
89220
97031
88820
88221
88650
88581
89020
90061
88810
88460
89761
88960
106771
88980
88821
88520
89001
95400
88841
89060
88341
89200
88230
98171
89580
88961
89390
89931
89100
88981
89120
89591
89450
89120
97011
89970
89111
88690
89361
88820
88821
89950
89211
89850
89480
97631
90460
88911
89240
89821
89080
89281
89130
89311
90200
89410
97831
88800
89251
89050
89491
93850
89521
88820
88761
89610
88981
97790
89490
89081
89280
89101
88930
88941
88840
89171
88880
89081
96640
89320
88821
88880
89261
88280
88791
88660
88941
88700
88710
96751
90150
88511
88380
89211
88890
89501
89610
89051
89800
89390
96261
91500
89241
89630
89371
89840
97621
89090
89241
89110
89251
95750
90460
89181
89200
89041
89530
89291
89140
88821
88450
88860
89421
99180
88691
89160
89141
88570
89001
89030
88960
89411
88840
88861
98380
88641
89130
88561
89140
89341
88970
89320
89381
88820
89051
97380
90691
89540
89441
89000
95371
89300
89291
89480
88750
89691
98070
89891
89520
89131
88990
89221
89130
88631
89220
89170
90381
98140
89621
89240
89481
89340
89391
89770
88641
89090
88700
88681
96930
89131
89390
89281
88630
88961
88730
88511
88740
88820
88601
96680
89631
88840
88331
88680
96101
89360
88871
89780
88720
88441
96070
90251
89140
88651
88910
88951
89210
89771
89260
88920
89341
95670
89731
89030
88331
89130
89691
89210
89481
88900
88940
88871
89380
98661
89420
89351
89530
88681
88850
88621
89160
88840
88831
88750
96661
89570
88881
89060
88831
92970
88801
88990
88500
88951
88770
96981
88810
88921
88680
88801
88730
89231
89930
88630
89621
89370
99621
89370
89251
89810
89411
89080
89101
88910
89460
89241
89250
97971
89610
88681
88790
89361
89060
88351
89090
89230
89981
89940
96481
88870
88751
88890
88701
94250
90021
89180
89041
88950
88710
97151
89800
89411
89920
88831
88780
89251
89100
89181
89190
89310
100331
90620
89791
89170
89531
90340
89191
89060
88791
89100
88830
97961
90430
90851
89730
89591
88790
88251
88820
88461
88290
88690
96361
91380
89181
89020
89061
89350
95401
89220
88851
89020
88960
89941
98000
89581
90380
89051
89130
88651
88730
88711
89320
88680
88931
97010
88521
88970
88871
89410
90331
89930
88601
89510
89030
88791
96300
89331
88410
89831
88360
88451
88960
89330
88871
89120
89321
97490
89631
88720
89181
88980
95771
88890
88950
89081
89470
88851
98600
89651
89560
88901
89490
89091
89050
88800
89011
88920
88851
97410
90031
89560
89351
88610
89811
89200
89240
88611
89860
89021
95790
89221
89060
88601
89020
89231
89310
89260
89091
89190
89871
97360
90161
89050
89511
89230
94381
90100
89020
88991
89460
89031
96030
89741
88770
89201
89580
89111
88970
88890
88981
89010
89551
96550
90291
88510
89071
88700
88551
88930
88400
89021
89220
89171
88720
97931
89380
88601
88650
89131
90020
89090
89811
90280
88981
89380
97711
91160
88921
88930
88291
93680
89391
89110
89260
89171
89650
98551
89680
88771
89310
89051
88630
89381
89090
88230
88831
88720
97191
88900
88861
89410
88791
88930
90021
88820
88910
89341
88690
97531
89320
89871
88940
88691
88980
88481
88850
89110
89071
88630
96071
89230
88611
89060
88881
93190
89791
88970
89280
89591
89450
97911
89910
89571
89250
89161
90480
89091
89390
89350
89371
89360
96261
89960
89451
89390
90611
89470
89241
89100
89150
88911
89010
96471
91890
89121
89100
89701
89220
89471
89240
88990
88851
89130
98211
90700
89071
89520
88761
89580
95171
89860
89591
88960
89650
99871
90360
89811
89640
89591
89050
89671
89670
90481
89820
90610
98021
91020
90521
90240
90541
90070
89711
89980
90541
90080
90411
98450
91020
89951
89830
90821
89610
90031
89320
89231
89660
89371
89480
98501
89520
89410
89611
89250
94241
89310
89311
89490
89621
88900
97811
90670
89380
89711
89570
90131
90650
89451
89080
88921
89530
98531
90420
89270
89811
89390
88911
89350
89001
88960
88981
89340
98150
88881
89340
88941
89480
89111
88680
89241
88840
89241
88990
96520
90021
89380
90351
89730
95501
89550
89431
89510
89281
88640
98080
88801
89010
88651
89270
90281
90840
90501
90340
90561
90410
98121
90740
90180
90161
90760
89501
89900
89461
89680
89801
89560
97671
89910
89860
89841
89170
89031
89020
89231
88480
89001
89600
97211
89300
89380
88961
89990
93841
90090
89551
89200
89501
89570
96761
90390
89391
89380
88890
90291
90770
90851
90580
90351
90630
100711
90720
90461
90720
90501
89860
89590
89921
89610
89491
90090
97281
90360
89611
89610
89141
89260
89930
89181
89650
89561
88910
97111
89780
88781
89460
88941
93900
89880
89291
89040
89651
90010
97831
90180
89351
89190
89021
89310
89791
89610
89580
89611
89560
97251
90260
89581
90170
89421
89600
89961
90500
89590
89591
89310
97641
90030
89701
89990
90141
89160
90371
89900
90370
89481
89320
96841
90420
89621
88830
90101
94340
89981
89750
89411
89490
89540
97561
89850
89091
89140
89921
90000
89471
88820
89871
89980
90060
97391
90290
89891
89680
89811
90120
90531
90260
89961
90200
90221
98320
91710
89851
89190
90241
91300
91781
90780
90921
91090
90811
98510
91641
91110
91170
91431
96310
91621
90280
90361
90620
90401
98320
90791
90920
90771
91090
90481
90600
90830
90011
89530
89521
99510
89691
90040
89771
89460
89651
89550
89300
89811
89230
88901
97090
90161
88600
89131
89770
90271
90050
89550
89901
89880
89591
97500
91441
89320
89271
89320
94331
90600
89990
89921
89820
90651
97670
90381
89630
89541
90460
89731
89340
88880
89381
89980
89561
97570
90611
89570
89331
89640
89871
90170
89600
90301
90100
89431
98570
91021
89910
90161
89710
90341
90080
89941
89560
90500
90111
97800
91031
89530
90331
90180
95041
90710
89841
90080
89751
90030
97520
90441
89750
89581
89900
90031
89550
88921
89370
90401
88820
96960
90521
89060
88781
90680
89531
90670
89751
90040
90541
90640
98411
91540
90940
90251
90280
90621
90500
90771
90330
90091
91250
98511
90720
91001
91020
90510
94661
91320
90771
90610
90281
90310
98761
91060
91231
90430
90871
90090
90580
90121
89880
90791
90460
99061
91240
89961
90170
90141
89830
90031
90070
90550
90251
90080
98201
90250
90161
90110
90171
90100
90621
89740
89521
89440
90030
97491
89780
89301
90180
89521
92920
89891
89110
88701
89330
88870
96941
89370
89071
88640
89141
89430
89321
88590
89611
89360
89620
98111
89680
89871
89800
89221
89500
89221
89860
89621
89070
89590
97661
90150
89601
90420
89911
90040
89801
89020
90051
89530
89241
96130
90480
89551
88710
89071
93490
90801
89730
90071
89680
89691
98710
91731
90000
90260
89841
90110
90231
90050
90261
89840
90261
98190
91481
89940
90220
90851
89590
90071
90150
90191
89660
91421
98260
90991
90120
90121
90070
90140
90171
89510
89021
89630
89661
97620
91461
89810
89721
89910
96281
90630
90060
89371
89520
89891
98100
91881
89550
89181
90310
90261
90270
89700
90381
90370
90581
97860
91141
90470
90261
90680
91401
91540
90570
90831
91110
91431
99230
91461
90880
90761
90700
91251
91380
91471
91230
92520
91451
100360
92081
91550
91411
91360
96581
92310
92181
92160
92571
92560
101641
91900
92251
91460
91730
91501
92170
91611
91690
91711
91840
99791
91340
92421
92490
91171
91460
91841
92150
90840
91941
99700
92471
92010
92001
92260
91931
91200
92341
92960
91651
92460
100881
92210
91391
92260
91820
96801
92140
92041
92360
92341
92600
99871
92440
91951
91770
92201
92750
91951
92070
92411
92280
92320
101091
92220
91731
92420
92411
91910
92101
93280
91821
91720
99171
93160
91841
92030
92211
91760
91970
91201
91390
91421
90900
99851
91990
91711
91580
90821
95960
92341
90630
90711
90870
90470
99491
90160
90871
90360
90401
90740
91331
91240
91101
90920
91471
99870
91301
90840
90940
90891
91230
90551
91280
91791
91630
91431
99560
92261
91330
91231
90990
91060
90591
90380
91121
90400
90331
100080
91221
90760
90521
90060
96851
89850
90141
90520
90560
89451
99730
89671
89680
89801
89970
90331
90260
90671
91160
90610
97961
91600
90901
90490
90461
89880
89911
89750
90231
90280
89731
98040
91111
90260
91030
89721
90120
90621
91380
89991
90870
90411
96670
91151
90210
89570
90441
90170
97431
90340
89781
90430
89801
98030
91021
90340
90571
91380
90501
90630
90530
90791
91340
90651
99140
91591
91330
90931
91110
91841
90860
91241
91190
90840
90981
98580
91891
90450
91421
90570
91871
91460
91931
92000
91561
91190
99571
91560
91620
91151
94830
96691
91490
91871
91300
91671
91630
99281
91650
91140
91501
91080
91651
90710
90111
90310
89991
91490
99011
90690
90341
90180
90070
90441
89670
89711
89970
89911
90110
97961
90910
89401
89950
89431
89950
89180
89581
89770
89511
90040
98951
89870
89751
90070
90301
94800
89730
89521
89890
89741
89790
97681
89760
89451
89790
89781
89820
89581
90380
91070
90361
90060
98121
90410
90831
90990
90621
90080
90561
90670
89691
90590
89350
98231
89520
89281
90110
89661
91150
89781
90010
89471
90120
89770
98691
89200
89241
89470
89791
96240
89901
89890
91331
90160
89991
98320
90030
89521
89350
89481
89320
89951
90120
89561
89890
90301
98360
90561
90500
90350
90261
89830
90041
89500
89111
90160
89851
97930
90231
89820
89200
89581
90400
90031
89690
89471
89320
88901
97750
90641
90260
90491
89990
96810
90141
89570
90331
89940
90691
98410
90441
89630
90131
89940
89141
89220
89540
89361
90490
88931
97840
89181
89500
89241
89730
89311
89220
89440
89191
89250
89141
98190
89361
89470
88971
89410
90301
89750
89580
89651
89570
89441
97210
90301
89750
89461
89210
95501
89310
89061
89040
89300
89621
97170
90011
89070
90041
89480
89541
89310
89871
90410
89470
89651
97970
90151
90170
89711
90900
90011
89710
89831
89800
90370
89901
98550
91021
89990
90551
90380
89351
89830
88871
89070
88841
88760
97810
89351
88940
88731
88430
93901
89620
89521
89240
89361
89470
97050
89041
88400
88961
88820
89791
89440
90041
97510
120341
99370
113091
91610
95251
90770
89951
90670
89921
90130
90251
89610
99630
91961
93210
89751
89470
89311
89760
89571
89590
89270
89651
97150
90781
89210
89811
89790
95821
91210
89401
89390
89690
89271
97380
91261
90590
89271
89460
89681
89810
89231
88820
88981
89440
96970
90331
91430
88781
89480
90311
89470
89531
88840
88681
89240
88930
97791
89040
89171
89370
89351
89160
89331
89150
89571
89170
89380
98471
88740
89111
88780
89741
94720
88971
88500
89071
89070
88960
97401
88360
87901
88650
89031
88240
90431
88960
89381
88880
88840
97531
88920
89421
89130
89331
89420
89051
89240
89371
89050
89200
97741
90010
89561
89650
89471
89490
89701
89570
89121
89030
89140
97451
90000
89331
90040
89921
96450
90891
89640
89481
89930
89801
97960
90280
89341
89320
89751
91240
92701
91860
91201
91420
90561
100120
91881
91310
91471
91590
91320
90981
91080
90881
91790
91481
99150
91571
90670
91141
91230
90551
90570
90290
90291
90230
90761
98900
93821
90550
91371
90110
96961
89610
88771
89230
89100
89261
98120
89181
90070
89391
89520
90151
89530
89761
90120
89661
89990
98970
89611
90180
90111
89890
91141
89770
89931
89950
90391
90150
99061
90740
90350
90081
89710
89881
90120
89521
89240
89651
89930
98161
89830
89890
89921
89250
94831
89980
88951
89260
89461
89580
97211
89430
88671
89440
88460
90871
89730
90031
90450
91191
90710
99801
90240
89631
90550
90140
90131
90190
90881
90720
90731
91000
100831
90510
90511
90300
90311
90750
90520
90271
90270
90561
90630
100141
91130
90911
90800
90651
96710
90371
90220
91071
89950
98680
91551
89890
90711
90480
90291
89870
89261
89750
89280
89601
97560
90401
89770
89571
89120
89271
89750
90431
89640
89610
89421
97080
90321
89610
89441
89180
89241
89220
89131
89630
89620
89761
89680
98391
89830
89581
89540
89401
95030
89671
88830
89711
89600
89440
97631
89320
89401
89920
89591
89380
89151
89540
89381
89260
89510
98431
89730
89001
89190
89281
90170
90021
89530
89761
