# started on Thu Sep 24 16:27:57 2026

6680134898,,instructions:u,355730184,100.00,,
1577204894,,cycles:u,355730184,100.00,,
