# elapsed_ns, one measured sample per line, ascending
11390403
11390713
11394583
11395423
11397603
11399833
11402983
11404023
11405703
11407874
11408593
11409433
11410083
11411623
11412863
11413483
11418843
11421443
11421804
11422643
11424644
11425153
11426933
11428243
11428634
11430193
11432824
11433384
11433413
11434913
11435013
11436354
11436453
11438713
11439213
11442263
11448553
11450513
11451043
11453603
11454093
11455043
11456423
11457223
11458063
11462294
11462883
11467764
11468613
11469394
11470083
11473804
11480323
11503964
11518153
11540614
11546634
11552774
11588014
11610444
