# elapsed_ns, one measured sample per line, ascending
25194959
25210700
25214499
25219039
25219139
25234679
25246249
25247649
25256749
25257100
25259329
25260910
25272370
25272769
25274859
25279360
25285010
25286890
25289849
25290760
25294830
25295920
25296220
25302449
25305470
25306130
25307900
25309800
25312270
25316420
25325910
25327240
25328590
25331540
25332540
25335230
25336070
25336690
25346820
25350930
25372850
25375790
25379210
25386170
25400661
25407800
25465041
25515791
25539281
25544561
25598871
25651072
25667142
25791712
25807983
25865883
25874353
25877673
25889023
25906923
