# elapsed_ns, one measured sample per line, ascending
2026311
2030181
2034581
2034722
2034761
2034761
2035961
2035971
2036361
2037681
2037811
2037951
2038172
2038692
2038771
2039131
2039682
2039931
2040122
2041491
2041841
2042341
2042381
2042402
2043221
2043521
2044071
2044212
2044521
2045371
2045411
2045531
2045611
2045652
2045891
2046092
2046471
2046551
2046971
2046992
2047131
2048241
2048271
2048801
2049111
2049291
2049642
2049781
2049861
2049902
2050162
2050222
2050542
2050572
2050651
2051282
2051742
2052871
2052981
2056322
