# elapsed_ns, one measured sample per line, ascending
10180864
10193415
10200035
10201565
10201744
10205124
10206504
10211185
10211835
10211904
10212185
10213025
10215884
10216134
10217445
10217585
10217734
10217974
10218844
10219554
10220224
10220944
10222405
10223894
10224365
10224484
10225064
10225164
10225194
10225824
10226884
10227354
10228184
10228254
10231134
10231725
10232595
10234154
10234305
10234665
10235764
10236345
10238115
10240165
10240254
10240424
10240784
10241804
10242054
10242415
10242765
10245265
10250814
10250995
10251364
10256735
10264244
10499796
10507976
10532186
