# elapsed_ns, one measured sample per line, ascending
10261885
10264275
10264874
10267585
10271985
10273255
10273675
10275705
10279265
10280754
10283225
10285734
10286245
10286785
10286945
10287245
10288775
10288874
10290755
10291145
10291695
10292375
10293334
10293645
10294205
10295075
10295815
10297695
10298624
10299694
10299805
10301714
10302795
10306765
10307394
10309995
10312675
10312745
10314785
10315224
10319485
10319675
10321865
10322385
10323185
10328625
10334835
10347845
10360605
10363095
10368035
10368525
10371355
10380275
10399815
10427125
10492656
10495306
10520246
10732257
