# elapsed_ns, one measured sample per line, ascending
1970881
1971080
1973021
1974731
1975200
1975821
1976151
1976191
1977381
1977481
1977581
1977750
1978461
1978690
1978941
1978991
1980180
1980651
1980681
1981121
1981221
1981411
1981461
1982071
1982111
1982790
1983021
1984140
1984190
1984681
1985271
1985550
1985661
1985691
1986921
1986921
1987861
1988491
1988550
1989751
1990040
1990341
1990501
1990731
1990911
1991260
1991970
1991990
1992061
1992461
1992511
1992741
1992821
1994121
1994121
1995201
1996122
2001172
2001481
2020490
