# elapsed_ns, one measured sample per line, ascending
11349983
11357583
11358952
11363153
11363362
11367053
11368933
11372953
11373783
11376763
11377413
11378573
11379163
11379553
11380043
11381213
11383713
11383813
11384433
11386013
11387113
11387713
11388033
11388323
11388723
11389173
11391113
11391113
11391983
11392803
11392863
11394433
11395543
11397184
11399613
11399634
11403393
11406523
11407583
11407803
11409113
11409343
11410433
11411013
11411223
11413823
11419153
11420083
11420123
11421674
11422494
11426923
11430063
11434713
11436013
11446033
11467304
11661604
11673135
11716654
