# elapsed_ns, one measured sample per line, ascending
24611041
24611311
24613021
24613161
24613501
24616891
24616921
24618910
24621001
24621251
24635521
24641522
24647891
24658821
24661751
24665901
24669072
24669692
24670351
24671101
24676641
24685931
24689691
24693211
24694022
24695791
24698931
24701312
24701731
24702481
24705612
24705781
24709612
24709622
24719661
24721932
24722161
24727482
24739052
24740202
24741081
24744772
24745492
24748832
24755432
24757872
24759351
24766971
24768902
24773402
24778152
24813692
24818372
24858362
24894683
24906863
24908462
24913132
24973743
25224884
