# elapsed_ns, one measured sample per line, ascending
11646944
11654825
11668685
11674634
11676634
11691265
11694635
11695865
11697245
11697545
11719305
11726465
11728894
11729805
11739625
11740945
11740975
11742775
11744105
11745625
11746365
11748065
11748115
11749825
11749995
11751625
11751665
11752855
11753115
11753355
11755895
11757255
11758705
11759645
11762765
11763005
11765935
11769395
11770555
11773385
11779045
11781326
11781915
11786755
11788666
11789375
11790595
11797585
11801396
11802505
11808045
11808666
11812356
11813756
11816155
11836746
11837716
11849705
11883666
11947046
