# elapsed_ns, one measured sample per line, ascending
24931087
24934538
24956898
24960468
24965638
24970138
24978198
24995828
24998758
25006468
25009628
25012548
25015378
25018138
25018239
25022199
25031329
25031838
25032458
25039598
25041788
25042169
25042858
25044559
25052538
25053138
25054879
25055419
25058558
25059469
25060518
25063469
25065519
25068278
25071389
25073779
25084968
25085989
25089148
25098059
25103698
25104749
25106678
25117399
25118959
25123158
25123219
25123818
25127989
25131859
25134879
25135729
25138369
25151999
25279860
25333400
25386220
25468931
25539981
25758502
