# elapsed_ns, one measured sample per line, ascending
24405140
24560241
24564671
24568331
24607581
24621661
24622761
24646091
24670072
24673072
24693731
24695162
24704351
24710191
24726782
24730731
24732661
24734432
24737292
24738022
24742592
24749832
24766922
24771072
24775182
24779972
24783772
24786392
24801372
24801722
24805732
24807562
24811092
24823012
24824752
24840382
24847402
24854672
24867482
24876223
24876932
24893552
24905902
24921093
24928292
24932633
24940633
24944603
24949443
24981833
24982243
24987053
25025243
25044353
25050413
25052833
25056553
25087834
25145164
25284304
