# elapsed_ns, one measured sample per line, ascending
11769715
11785515
11790595
11792665
11792775
11793655
11793995
11795095
11796055
11796096
11797605
11798696
11799086
11799156
11799785
11800095
11800405
11800926
11801635
11801805
11804135
11805506
11805795
11807085
11807585
11810105
11811915
11813115
11813216
11813755
11814425
11816406
11820595
11820616
11821806
11822865
11825625
11825865
11827356
11828186
11828785
11829865
11830745
11835175
11839205
11840516
11842775
11850116
11854175
11856606
11857995
11880536
11881516
11886946
11898786
11906446
11910006
11924146
11941536
12003847
