# elapsed_ns, one measured sample per line, ascending
25339540
25382540
25386100
25416610
25419361
25427810
25430591
25446230
25452630
25453990
25456180
25459651
25467230
25470601
25482991
25513131
25524371
25525241
25539531
25540281
25554451
25554591
25556301
25558621
25561701
25576272
25578651
25620681
25633581
25635542
25643711
25656782
25663182
25666332
25668382
25671832
25673042
25674691
25681162
25683342
25683942
25703712
25707412
25717922
25731742
25740052
25748562
25755482
25772953
25776652
25777012
25786633
25792252
25807272
25812122
25834923
25866003
25866083
25869303
26182955
