# elapsed_ns, one measured sample per line, ascending
1963571
1965661
1969371
1973531
1973740
1974181
1974231
1975681
1976261
1976421
1976591
1976951
1977171
1977421
1977851
1978121
1978361
1978391
1978641
1978721
1979171
1980091
1980271
1980301
1981321
1981450
1981531
1981631
1982321
1982541
1983151
1983200
1983281
1983691
1984031
1984141
1984241
1984601
1984611
1985311
1985941
1986431
1986511
1986511
1987071
1987361
1987851
1988151
1989411
1989721
1989761
1990091
1990411
1990551
1990561
1992482
1993801
1993891
1995071
1999512
