# elapsed_ns, one measured sample per line, ascending
10151564
10239484
10240874
10247234
10251175
10251565
10254395
10254654
10255235
10256164
10256674
10257445
10258155
10258944
10262735
10267825
10270005
10270655
10272684
10272715
10273155
10274685
10274705
10275275
10275335
10276135
10276244
10277195
10279135
10281645
10281945
10282575
10285835
10288504
10289184
10289845
10292014
10292485
10296995
10297985
10297995
10299655
10301655
10306305
10309285
10311755
10312625
10314605
10315795
10316955
10321005
10322065
10327665
10330965
10344555
10346295
10369815
10384805
10386365
10402425
