# elapsed_ns, one measured sample per line, ascending
25148654
25185404
25194125
25196564
25198804
25199444
25206364
25212724
25234194
25241124
25243414
25243485
25244274
25245324
25246175
25249095
25249095
25262975
25266354
25267294
25270835
25275155
25275655
25276954
25281185
25286754
25290735
25293114
25299484
25299805
25299844
25311895
25317935
25318095
25322125
25325885
25327734
25338155
25340655
25342114
25346245
25348875
25348985
25349345
25374335
25375515
25377445
25383665
25384195
25389785
25398705
25411675
25452315
25466475
25505636
25515726
25552246
25599296
25696057
25812268
