# elapsed_ns, one measured sample per line, ascending
2040951
2044881
2046340
2048621
2049241
2049481
2049561
2049821
2049951
2050201
2050441
2050981
2051391
2051561
2052021
2052041
2052721
2052881
2053031
2053231
2053251
2054081
2054821
2055611
2055981
2056140
2056331
2056431
2056501
2056921
2057201
2057341
2057431
2057451
2057650
2057801
2058581
2059751
2059971
2060721
2061251
2061371
2061791
2063031
2063961
2064061
2065081
2066331
2066481
2070201
2073401
2074161
2075351
2076951
2078241
2079191
2080771
2081571
2087381
2097941
