# elapsed_ns, one measured sample per line, ascending
10643797
10643807
10649317
10650156
10652337
10652586
10654157
10655887
10656736
10657416
10658067
10658697
10658977
10659756
10661247
10661377
10662857
10664056
10666987
10667057
10667276
10667987
10668387
10669557
10669607
10670937
10671037
10672297
10674277
10676507
10677067
10681097
10683327
10683947
10684026
10684467
10684697
10685617
10686276
10686367
10688507
10689497
10690687
10691217
10692057
10693717
10708127
10709037
10710897
10715927
10727647
10731877
10737437
10740387
10744657
10754937
10762218
10777348
10778917
10906748
