# elapsed_ns, one measured sample per line, ascending
24974613
25064083
25100614
25108514
25117724
25119414
25121193
25123913
25126234
25137234
25137923
25138823
25140364
25141874
25145194
25147984
25150764
25151464
25152723
25156424
25158004
25158744
25160054
25162734
25166034
25167184
25167774
25170144
25172404
25173964
25178954
25185854
25189194
25190444
25194994
25202354
25217714
25223305
25230785
25236984
25238365
25240784
25279395
25287405
25340815
25357635
25401605
25402185
25422195
25439355
25518236
25596606
25606946
25658416
25659647
25662856
25677496
25684257
25690217
25700107
