# elapsed_ns, one measured sample per line, ascending
25033238
25035688
25039319
25047248
25057999
25063939
25067249
25073558
25078009
25079219
25085809
25088599
25089649
25091778
25099379
25103718
25106789
25109299
25112579
25112708
25114738
25119048
25121609
25122489
25123309
25124649
25131679
25135119
25136609
25140649
25142599
25143439
25151879
25157939
25161619
25163299
25168279
25170589
25171839
25188390
25190250
25191449
25192019
25194409
25197219
25201719
25202700
25213299
25231130
25247760
25257909
25291070
25293510
25312480
25312770
25313480
25340450
25344670
25345810
25386000
