3194945
3189555
3206575
3191835
3187775
3185445
3177995
3185485
3196705
3185125
3185965
3180375
3186335
3190835
3182505
3191605
3195495
3190265
3235456
3193365
3198565
3187745
3203995
3199485
3209825
3202845
3198555
3193575
3201416
3180085
3210365
3186605
3192145
3203085
3193705
3201335
3187915
3193835
3195225
3194625
3209435
3203096
3204695
3206465
3193505
3181085
3188905
3185715
3202415
3185255
3196035
3187195
3203345
3187815
3181785
3188375
3185735
3188635
3195375
3183065
3188916
3203075
3182035
3193055
3184985
3184735
3186565
3190065
3207675
3197135
3203425
3192585
3190195
3217865
3186155
3195256
3190125
3220585
3199295
3195165
3204155
3190305
3230335
3209065
3190665
3184986
3211915
3209445
3212645
3196965
3194275
3211285
3193995
3196645
3189445
3196536
3194685
3192325
3198165
3190465
3190845
3190105
3193115
3200835
3193775
3208065
3186945
3182025
3200775
3186795
3176545
3183315
3181615
3182355
3186925
3185645
3173495
3184455
3201895
3191984
