16091566
16075206
16050606
16055755
16058456
16045826
16077446
16071855
16078296
16067476
16182476
16105286
16109206
16279777
16110335
16088926
16087626
16206526
16031646
16038606
16054525
16037036
16122586
16186006
16058536
16035285
16183266
16029445
16013896
16022225
16042246
16044455
16195587
16084896
16078815
16093076
16075426
16048836
16072195
16212407
16088256
16147146
16111766
16096026
16099015
16082016
16019016
15977645
16009675
15990345
15981595
15972185
16136616
16043025
16002665
15988875
16004655
15994636
15958985
16114796
15940785
15923305
15933325
15922645
15932235
15879525
15914685
15911115
15961085
15974146
15953555
15977145
15952985
15983285
16015686
15966275
15943345
15987806
16104706
15938475
15964525
16122686
15970105
16016256
15986455
16017175
15972706
16019085
15991946
15942065
16028065
16119786
16028426
15978965
16010895
16019026
15999205
16028726
16112116
16018965
16026436
16018565
16013466
15989025
16015036
16111476
16006945
15998285
16009876
16001475
16002626
16002885
16124306
15991626
16006015
15989885
16039296
16001005
15989476
16134206
