15872535
15868115
15862625
15873024
15879835
15874165
15811784
15824015
15830395
15823584
15965186
15832844
15841925
15870405
15828954
15812985
15837414
16002116
15817884
15807295
15805824
15800875
15815184
15939565
15810725
15823944
15987176
15886955
15896625
15832714
15817265
15810344
15936705
15805435
15822494
15820115
15793044
15804465
15796704
15945715
15807515
15800974
15784125
15792464
15779305
15804854
15793314
15820265
15806524
15786465
15812984
15797685
15926065
15813964
15811305
15804064
15857195
15823185
15799504
15953555
15959015
16109056
16103856
16082096
16031166
15902464
15889675
15891965
15921365
15909995
15938015
15915365
15982136
15977095
16014106
15968995
15988865
15994816
15988985
15985255
15965925
16133786
15973586
16139146
15984455
16097526
16173896
16162576
16166157
16159386
16205586
16310847
16211366
16160266
16165037
16141776
16138786
16196346
16305417
16143256
16153166
16151746
16113186
16073336
16088366
16230916
16087396
16106536
16112206
16114096
16108026
16100266
16247076
16123486
16114056
16137596
16129906
16134096
16133956
16264237
