3191865
3170425
3178915
3171235
3170685
3168115
3179365
3168844
3165995
3171645
3165185
3172495
3163475
3166275
3161425
3158895
3163425
3175675
3188935
3179705
3168295
3167265
3184075
3170795
3188315
3188435
3188815
3176815
3173765
3163025
3184445
3175815
3168595
3169385
3174855
3186545
3182665
3172305
3175965
3181685
3191675
3187335
3200635
3184915
3182225
3179605
3174105
3175925
3169695
3167085
3195025
3168835
3173735
3163004
3161204
3163745
3178205
3166465
3161465
3162875
3161765
3183305
3174525
3167355
3170035
3165155
3171905
3170435
3167155
3172205
3188725
3172045
3167605
3171995
3174475
3167164
3164805
3174415
3162245
3175875
3162295
3168825
3183715
3181145
3165905
3179985
3188405
3180705
3170495
3170195
3179945
3168235
3161945
3173265
3167785
3169345
3178025
3172025
3166985
3168025
3168084
3172325
3178194
3169385
3165975
3189225
3175485
3198665
3185025
3171245
3223926
3165945
3168114
3176135
3169844
3170405
3165505
3176545
3199265
3167285
