93660
93871
93320
94211
96630
91821
92850
91500
91901
91560
102821
91510
90541
90770
90501
96140
90340
90581
90720
90731
100190
91481
90650
90180
90551
91660
89551
89670
89571
89720
90080
99411
89510
89551
88950
88541
88290
88980
88571
88390
89151
89210
98521
89700
89710
88741
88870
88921
87730
88701
89180
89930
88991
96520
90091
89810
89651
88700
93420
89651
88880
89091
89250
89041
96940
90181
89240
89210
89151
88920
89481
88270
88580
88851
92210
97441
89370
89651
89740
90800
89661
89010
89321
89830
88891
89650
96830
89181
88600
88631
89970
89011
89560
88500
88681
88920
88861
97370
89601
89000
88960
89261
93400
88921
89290
88191
88230
88420
110851
90200
88821
88350
88431
89200
89190
88561
88820
88061
88580
96731
