181701
182721
182181
190851
181221
183800
181331
180771
189741
182281
179791
179771
179671
188430
180441
178921
183581
179411
180681
187201
179740
178881
179451
178911
186941
179381
178951
182960
178631
179041
187671
179821
178921
178811
178680
186571
180081
179141
183611
179051
179041
186791
179890
178991
179371
178961
186331
179481
179130
178991
178711
178661
187101
179501
179491
178700
179431
187511
180631
179321
184221
179141
179161
187560
179031
179301
179441
178931
186921
180181
179460
179171
178691
178481
187301
179131
179030
178751
186871
187151
180261
179591
182401
179271
178420
186431
179051
178671
178521
179171
208191
180951
179760
179871
179171
179011
179511
178411
178951
179280
178731
188171
179811
179141
182131
179281
186530
179361
178781
178621
179481
179311
188131
179680
179900
179731
179951
186951
179931
179411
