3139855
3137755
3139786
3133555
3138725
3150875
3138945
3127575
3131185
3177506
3129565
3130655
3128805
3160615
3139665
3148475
3138165
3131896
3135775
3132525
3136515
3130125
3131605
3130265
3131975
3133815
3135746
3143775
3135395
3139855
3135235
3132545
3138025
3133315
3199676
3129435
3135275
3131215
3137035
3144565
3130265
3150486
3137975
3132285
3141555
3131105
3138385
3144175
3137955
3133056
3132745
3140855
3136855
3138395
3127255
3142915
3139905
3140155
3133645
3132305
3138595
3145925
3168795
3138005
3135455
3139906
3141055
3134485
3129455
3146195
3134575
3140945
3141495
3139466
3133125
3138145
3144605
3130605
3143355
3149215
3137945
3139386
3148055
3192885
3145545
3135825
3139076
3134415
3133675
3136905
3143815
3139435
3138865
3133755
3136425
3138236
3141255
3147335
3145175
3142315
3136575
3132505
3184206
3139125
3139765
3132485
3136275
3150925
3136346
3138445
3129945
3139825
3136705
3146625
3141615
3128825
3128986
3131975
3138085
3127545
