181561
181101
181501
180481
190400
182721
181261
180371
180071
191331
180301
180171
179640
178771
179231
188831
179471
184011
181261
179070
188711
179891
178611
178511
178901
178191
187250
178301
178251
178871
178351
187981
179421
179220
179191
179301
178931
187191
179621
183221
179460
178291
187381
179401
179211
178971
179241
178410
186801
179401
178881
179151
179021
186231
179060
178851
179251
178531
179181
185901
179331
181530
178841
178531
187461
178861
179371
178761
179450
179301
187721
178651
178541
178531
179151
205890
180470
179181
186521
179731
179471
187091
179851
181740
179391
178431
186281
179411
178881
178801
179361
179750
192831
178941
179501
179021
179311
188790
179701
179611
179181
178971
188171
179891
178351
182830
178951
179381
187981
179401
178991
179541
180200
188041
180081
179001
179241
179181
179571
192210
