147450
132561
130811
136100
131011
131361
130720
138541
130921
130630
129721
129860
129581
128441
127950
140571
129701
128820
129741
128560
129081
128251
136450
129381
128630
128501
127721
129610
129721
128371
137670
128361
128950
133731
129911
128700
127441
135231
128500
128011
128690
128331
127721
128820
127991
152491
130260
128611
128631
128290
128191
128170
127051
138461
128220
127701
127530
127401
127731
127760
136991
128690
128271
126881
131870
128531
127931
127520
137011
128110
128301
127291
128480
127851
128141
141140
128341
127870
128341
131761
128180
128321
128051
138080
128681
128490
128561
128751
127710
128331
128060
161231
129151
128160
133971
127871
128420
128121
135930
128611
127871
128040
127731
128261
128080
128431
140500
127671
128341
127700
128421
128121
128520
138511
128600
127801
128101
127920
127781
128461
