180561
188351
181601
180591
180241
182330
180481
188631
180751
186831
179671
179450
186610
178661
178571
177991
178031
178201
187661
178860
178241
178051
178491
186761
178951
177731
177430
177271
177861
185901
178161
182631
178221
177920
186221
179301
178851
178481
178261
178440
185851
178341
178631
178361
178011
185341
178520
178161
177911
178591
177661
186171
178461
181500
178661
177831
186361
179231
178521
178211
177830
177791
185401
178591
177791
177611
177730
207261
180211
178061
178201
177651
177721
186241
178420
181311
178031
178021
192821
179481
178481
177941
178050
177711
185061
177861
177501
177501
177780
185841
178541
178521
178151
178311
178341
185570
177961
181431
178271
177901
185651
178721
178270
178091
177631
177981
185931
178241
177981
178070
178091
186291
179371
178271
178761
178841
178370
188411
178691
181671
