191241
181541
181570
186191
180181
182261
181801
180871
180761
181641
179490
187881
180191
178961
179291
179211
186671
179901
180910
179231
179291
178711
188151
179381
182941
179650
178851
187711
180091
179401
178671
179351
178900
186861
179471
179721
179591
178841
186811
179690
178660
179071
178991
178571
187491
179161
183431
179620
178941
187741
179421
179101
179051
178661
178790
187661
179371
179161
178721
178921
187021
179190
178701
178681
178101
178391
187421
178521
182440
178811
178911
187701
178901
178361
178591
178470
178710
187131
186001
179781
179171
178861
208381
180220
178431
178911
178911
186851
179311
179111
182890
179781
179521
187321
179951
178821
179091
178831
191510
179461
179171
178671
179021
179061
186000
178881
178681
178511
178631
187381
179241
178981
181940
179061
179551
188371
179321
179181
179601
178920
