393252
401432
388182
398912
389091
388822
398522
392412
396042
391852
386991
393962
385912
393332
385552
383772
394271
397442
390472
384012
384342
392472
386332
403762
386721
384832
414772
388352
381942
391982
383961
391792
384712
381752
390932
383942
392421
387722
384602
389102
384142
388782
383231
381742
390482
382882
383492
394032
386931
390022
382862
384982
395112
385282
391841
382132
383832
389052
384192
390332
386661
389532
394502
383292
382452
389812
382691
389522
386462
380972
390072
383832
391351
385022
382462
389702
383092
394131
383372
385382
390232
383172
382152
390532
381441
392592
383862
383302
391732
387251
389552
385842
390312
393802
383252
392642
384221
385552
391962
387362
382302
390681
383252
392832
383162
381412
386542
383251
388772
387382
384292
390912
383882
388041
385432
384312
391952
384352
381702
393121
