19830705
19680125
19780495
19685295
19732635
19835435
19643385
20550349
20624499
20031177
19606914
19601235
19707325
19581024
19879576
20503769
20369088
19825405
19598745
19817705
20756270
20287758
20345588
20411198
20397258
20175697
20233298
20095457
19782895
19980546
19848106
20356018
20464969
19919405
19928546
20319078
19944986
20547728
20345818
20218837
20884160
20701950
20482059
20089157
19968236
20087257
20052906
19783785
19820246
19769825
19705545
19832126
19677274
20084967
20291158
19904886
19749625
19866786
20030626
19858776
19855735
19988007
19893965
19896296
19829896
19961086
19852076
19766025
19704585
19739905
19896066
19978596
19848995
19946586
19935695
20282918
20209808
20109996
19913116
20398208
20005626
19853686
19748515
19761245
19877246
19745305
20268597
21421443
20188387
19607874
19573085
20447698
20157847
20620059
20227118
20470578
20142288
19829145
20326558
20106127
20125897
20181497
20297288
19869155
19859636
20185967
20029797
20584329
20356918
21058811
20242007
19837736
19874485
20071637
20051337
19930566
20016446
19902996
19972956
19944406
