9718147
9724387
9735517
9704077
9735367
9728396
9733027
9725347
9749947
9716057
9724757
9802537
9759727
9758237
9746417
9761577
9768377
9747537
9733327
9743117
9769467
9771617
9745167
9741247
9729027
9740217
9748236
9715626
9707747
9730427
9725437
9743597
9719836
9753317
9711717
9746177
9772727
9728437
9735507
9684907
9703006
9694507
9666397
9668986
9681767
9715187
9708156
9696156
9713207
9700047
9689736
9712717
9704517
9703997
9700756
9712497
9723107
9712147
9712377
9706706
9692827
9716397
9705537
9720246
9740767
9721687
9753237
9726757
9715767
9742017
9708686
9689957
9705787
9731067
9746647
9683806
9722417
9713297
9696617
9689656
9701127
9678147
9698776
9720047
9717417
9727907
9735707
9747667
9731117
9750267
9731306
9697357
9691087
9700247
9690746
9694907
9693807
9714636
9712777
9758147
9721047
9712247
9719327
9686796
9740077
9700627
9695367
9698686
9682517
9677657
9706996
9738917
9717327
9700427
9709237
9709796
9697647
9696877
9686236
9695687
