400291
391742
398402
395902
389942
399222
384932
388191
397792
389702
386842
394222
385222
390192
384371
385862
407992
382612
392032
386072
383411
391912
384762
389862
383632
383152
391321
385052
382202
396312
387922
390212
382691
382832
399992
383362
391982
384212
384301
391022
384882
394522
381602
381482
397521
382682
389432
383202
383362
390002
386991
384622
388412
386522
395652
380992
380571
397752
386862
391832
383272
389452
387912
383411
388392
382062
380312
390762
381631
383392
387402
385652
388852
385322
382901
393642
381992
391072
382742
382721
389192
384282
382532
393332
381302
390242
386871
381952
389512
382632
389772
384681
382272
391652
387342
393212
388782
382641
388461
381022
383452
387482
384822
391421
380722
381652
389672
380222
388382
381881
384612
388062
386332
387852
383131
379482
391362
383672
381812
395522
