702364
705563
700483
705403
698444
722433
703453
696403
701553
703443
697644
699083
698333
703844
689463
697713
704783
688864
696023
698583
688264
708503
696913
697604
687423
691613
701843
692214
694083
699603
689763
694104
699463
699473
684844
719953
691713
674713
694564
686733
675723
688623
686284
679213
693303
684353
680494
687563
686353
689573
678534
684453
686363
676163
685333
683804
681563
688773
687853
675324
684133
686623
681213
687754
690773
689343
678673
688844
689873
680583
689423
687604
678513
685503
684663
674743
686214
685563
678553
689103
684504
676653
685483
683473
681433
683954
689883
687143
679323
686544
684503
685023
692393
693584
680193
689363
682883
681154
687943
690433
689483
681164
689443
691393
680093
690664
688863
681133
689993
686524
679763
691853
690963
689034
681793
685943
688703
682583
688644
688483
