9770407
9768197
9804247
9781087
9811257
9791477
9819027
9804327
9825187
9767588
9806637
9821997
9802817
9796447
9801808
9800577
9802797
9795997
9781427
9773978
9794937
9811847
9800617
9784657
9815908
9813757
9800027
9819667
9813908
9805907
9802087
9814197
9803298
9791807
9816317
9810887
9777927
9777217
9794558
9797267
9807247
9777657
9788967
9777817
9790858
9814667
9821767
9810238
9797227
9802217
9808217
9826247
9787418
9808497
9791467
9809177
9821458
9785917
9802057
9806887
9808797
9801308
9820507
9806877
9808327
9793228
9817157
9816287
9799217
9814708
9803717
9771947
9797487
9806227
9817998
9794777
9799977
9787607
9787767
9766537
9764437
9778778
9806897
9807457
9786807
9818007
9817188
9808697
9804777
9798097
9825308
9792607
9788427
9796397
9775377
9789627
9802348
9779687
9805847
9823187
9841288
9795707
9791937
9804797
9816388
9825247
9799307
9773047
9777797
9770957
9785748
9828727
9775667
9778267
9784857
9794477
9781487
9798368
9770337
9758707
