92641
92770
92241
92930
91291
92760
89770
89911
90350
107971
92430
90391
155990
100681
89660
89981
89540
89821
89180
100001
89420
89590
88391
89310
89121
98470
89981
90020
89620
112361
98770
98531
97970
98371
102930
97971
97750
98321
97330
108431
98970
97701
97740
97160
98051
97100
96791
96760
97001
106850
97901
97320
96751
96830
96511
97600
96601
96310
96710
106451
97580
96871
97110
97441
96920
96991
97220
95891
96700
97101
108140
96671
96430
95550
101631
97660
97051
97000
97161
97160
104841
97260
96531
96340
96611
96070
97040
96741
96350
97231
105730
97311
96570
96371
96180
96321
96300
96511
97590
96430
104640
98100
97031
96550
96681
96660
96471
97200
96501
96000
104351
96620
96431
97630
96471
100680
96960
96721
97500
96941
