12938693
12932982
12864432
12891262
12995683
13445694
13161984
13391004
13195634
13207024
12881212
12754561
12748751
12815652
13078033
13363665
12871432
12785681
12821332
13225934
13190933
13207354
13134353
12903452
12839642
12893422
12812392
12744711
12823132
12795922
12778541
12943273
12928942
12879022
12848272
12916442
12882872
12922302
12747702
12753471
12797122
13342714
13467325
13270884
12906842
12943602
12836292
13015553
13112393
12899462
12931613
13367374
14078928
13567525
13131803
13067203
12886822
12831961
12882472
12841092
12902342
13089943
13407625
13449255
13162473
13001033
13034363
12998042
12993743
12979082
13207864
13364414
13315665
13093773
12963912
12992723
13101603
13221773
13103504
13011322
13252284
13319704
13220864
13116853
12862312
12921312
12913263
13057003
12956972
12947192
13187814
13166233
13194094
13197163
13131904
13110633
13107873
12892462
12858692
12997233
13251673
13199424
13018713
12886162
12828712
12998562
13018743
13090223
13081393
13065743
12993033
13011222
13059383
13049883
12982483
12968952
12980763
13022852
13042233
12894412
