131511
133631
132830
130801
129960
128261
139151
130220
128061
128811
127950
128481
128260
135901
127661
127610
128141
129021
127940
128211
128020
135181
127701
127710
127651
133940
127931
128531
128130
136361
127570
127181
127921
127710
128071
127520
136101
127601
127280
126961
127481
126490
127201
127460
134661
127711
127610
127381
127000
126751
127731
127880
134691
127330
126981
132091
128700
127701
127960
126261
156251
127890
128061
128111
127330
126751
126560
135761
127381
127010
126381
126521
126900
127111
128540
137441
127941
127080
127481
128710
127811
127631
140620
127381
128731
126990
132401
127690
126821
127761
140640
129721
128941
128540
127791
128970
128651
128271
137310
127331
127690
127471
127291
127310
128201
136651
127910
128121
127290
127481
127481
127620
127951
140571
128760
128511
130970
128391
127911
127150
