133091
141221
132330
135391
135771
130540
129481
128740
138711
129501
129690
128441
129071
127780
127361
127400
137191
130361
128390
127881
127711
128000
128651
136210
128421
128101
127550
127191
127920
128021
128431
137040
128401
128160
128421
133491
128390
128541
128791
138760
128651
129850
128151
127871
128170
128771
140001
129810
129151
127920
131501
128961
131170
129501
138511
129710
128411
128520
128581
130351
128730
128461
139610
129241
128701
133770
128541
129130
128281
135501
128880
128581
129191
128610
129331
130210
129211
135821
130230
129051
128401
129050
129651
128500
154941
130781
128440
129041
128901
129030
129021
128621
136840
128291
128790
131941
130601
128280
128861
136420
129121
128491
128990
127911
127890
128541
128851
141180
129211
129411
128970
128821
127760
128741
128361
146500
129711
128811
128680
128751
