160391
156781
155801
155610
155901
164731
155611
154860
159491
153851
153581
163950
154741
153861
154291
153880
155011
154181
162341
154900
155671
155021
153810
154151
164201
154701
154340
153591
154171
154771
166310
154170
153161
157061
153070
154371
153821
161401
153370
155691
154201
153281
153710
167981
153881
154431
154080
154081
152831
153780
161871
154841
154141
153590
154351
153251
162921
154340
153521
159171
154431
154600
161611
153211
154271
153870
153671
153191
153201
182140
153341
153101
154271
153280
154401
162111
154141
152720
153801
153471
154370
163511
153841
153461
157830
154311
153281
153581
164050
153311
153501
153361
153210
153831
163311
154061
153930
153731
153751
154421
167830
154091
154711
153681
152840
154201
152921
162741
153410
153241
156351
154120
153470
162701
153821
154110
153840
154161
154501
162170
