689984
701043
697173
697713
695194
696443
696753
689174
699783
691563
686723
694204
695323
686663
697803
694294
714543
686773
692324
696263
688313
690103
695554
680723
690903
694794
687533
685853
689323
689784
683463
693723
698373
686084
688843
693503
685273
698134
691973
682903
689943
690924
691633
687353
688303
687534
680313
683613
687013
680794
690273
687133
681893
687624
688723
684603
687473
692884
690803
684093
699933
696324
683193
691203
689213
678724
692123
685703
680203
687414
689553
686973
729364
683093
689763
677673
685603
681544
680473
685983
692343
679414
690233
688193
693193
680834
686253
694513
679753
684214
688203
682853
687933
688914
679483
695283
689823
682004
692753
687103
686543
681114
685443
692433
681963
689254
689613
682453
688023
692434
679273
692543
701983
693514
679663
685713
688083
680454
687843
694543
