131850
131381
135741
131290
131131
129380
138441
130121
130080
145541
129601
128990
129661
128931
158870
131671
130801
129140
128861
129360
129441
139371
129290
128441
129050
127651
129241
129340
128561
139131
130130
129021
135670
130241
128611
128860
138391
129051
128520
128541
129000
129161
128681
128430
138891
129341
128240
128231
127680
128421
127400
127621
138511
128760
127751
128111
129130
128521
128540
154441
130511
128760
128141
133501
129280
127741
128060
136981
129261
128570
127271
128171
128430
127631
148741
129560
128551
128590
128421
128751
128330
128151
136660
129661
128431
128190
128851
128210
129431
128531
137910
128881
128151
133830
128931
127770
128791
138391
128700
127761
127841
128060
127551
128780
128521
138211
129230
128291
127951
128850
128631
128950
128461
137831
129070
128271
129161
129020
128991
127810
