161111
157051
156001
155680
155741
166601
155551
155030
159751
154941
154771
164150
154921
154171
155040
154791
154291
164531
154350
154161
153171
153281
153630
154541
163081
153711
154090
154501
154121
153531
175530
156251
154751
159461
154110
154051
162621
155181
153900
153481
153841
154011
154560
163201
154741
154221
154800
154151
154451
166541
154850
154241
152681
153710
154121
162071
153991
154050
161161
153481
153251
154530
162531
154071
153681
154470
153891
154071
161721
153640
153541
153801
153811
153860
165191
154241
153601
155160
154361
153551
154611
169990
159751
154011
158111
153980
155131
162841
154611
154820
154241
154481
153481
162230
153831
153871
153341
154300
154221
153641
162891
155050
154131
154351
153700
153351
161681
154511
154980
157811
154081
154081
162520
154731
154021
153261
154440
153501
154011
162131
