19959837
20789290
20434948
20108687
20083837
20002206
20689170
19906636
20112256
20518009
20480629
21346633
21388433
20387008
20288038
19940206
19716545
19621234
19658895
19960006
19772915
19609915
19623664
19676565
19810236
19665054
19835206
19713485
19656104
19654525
19762215
19670925
19731675
19639855
19553014
19636814
19641015
19736895
19867296
19790315
19768905
19743995
19864696
19856796
20203847
20098267
19803505
20176618
20231207
19965456
21188352
21173422
20127147
20425678
20315697
20012617
20084387
19898525
20028777
19765585
19682505
19506954
20067156
20178868
19936676
19893735
20875450
20298278
20325318
21650624
22650519
21888046
20959240
20475848
20243588
20667289
20551209
20109847
19986666
19861676
20010756
19735095
19876225
20090717
19862036
19916326
19934296
20495288
22646499
23359153
21656304
21804645
20399619
20374418
21185132
20136747
20008276
20547549
20047947
19852005
20185597
20036276
20140687
20101157
20413148
20115637
20434319
20330638
19753295
19651514
19834346
19776175
19712195
19693895
19625744
20004637
19933056
20091207
19792095
19780275
