12895492
12936072
12906832
12928883
13013942
12856662
12897282
12913973
13210373
13428535
14644930
13837547
13324564
12931153
13084253
13091053
13289924
13254964
13064413
13089473
13347774
13468975
13187343
13080153
13182134
13143033
13091603
13146474
12942442
12913072
13040713
12948822
13001403
12840552
12989202
12952403
13062323
13251073
13303314
14233268
13297974
13292094
13302954
13445185
13392545
13211913
13469375
13359405
12896942
12810781
13194614
13220854
13118613
13086123
12926162
12910912
12923703
13059993
12967992
12899502
12913552
13003303
13092513
13104123
13187164
13189763
13176764
13287614
13110913
13104923
12845212
12969522
13250404
13019473
12861142
12829712
12797061
12943473
12896172
12864462
12779841
13025863
13801056
13604685
13057803
12990983
12975922
12971713
13166913
13058793
12984572
12994343
12945092
12834842
12836302
12878032
12868442
13127353
13311585
13686155
13278214
13236424
13200314
13436024
13345895
13270604
12970032
12872272
12875792
12859222
12917322
12923633
12957952
13083753
12918042
12842222
12839832
12996163
12832931
12897292
