3183905
3171306
3163915
3169935
3178395
3168895
3176165
3164525
3171086
3167665
3168555
3229946
3160965
3166125
3187656
3177855
3178135
3182916
3173625
3171365
3173145
3171616
3177215
3174935
3166956
3168755
3188135
3167975
3194256
3167455
3220636
3169185
3166825
3172645
3178966
3168765
3165035
3166556
3166425
3170975
3167925
3162996
3173005
3169245
3162885
3175096
3165915
3167585
3167626
3166885
3161275
3170685
3163476
3159095
3169755
3167905
3168186
3177845
3168825
3170975
3167796
3167195
3171735
3224756
3177505
3183295
3164246
3170655
3174815
3169316
3158425
3158055
3164775
3159095
3173236
3162295
3165915
3172786
3170115
3168755
3177575
3167006
3170475
3171895
3171686
3169255
3177295
3170385
3166886
3170135
3167235
3169776
3179955
3175025
3175295
3168366
3165845
3179265
3169356
3161625
3166745
3164945
3166666
3176465
3165865
3163785
3169616
3170055
3170065
3173145
3169316
3161445
3169965
3172266
3168745
3174985
3160175
3169256
3170575
3171705
