102870
90101
89060
89131
88890
89261
88710
88611
88730
88361
88840
96691
89360
88831
88970
88840
88451
88590
88981
88600
88741
88950
95211
90870
88531
88730
88401
88300
88881
89890
88830
89811
89140
95771
90180
88931
88280
92231
88890
92321
88280
88701
88620
88301
88170
97411
88980
89741
89060
88011
88570
88330
88701
88860
89531
88540
96441
88740
87941
88640
88361
88870
88681
88640
88120
88671
88820
96201
88620
89141
88000
88571
88600
88771
88390
88311
88200
88571
95990
89921
88460
88401
88590
91141
89670
88360
88501
88600
89671
95550
89311
88210
88091
88160
88831
88240
88651
88420
88680
88361
95740
89181
88500
88151
88580
88411
88250
88701
88720
88601
88570
88361
96320
88411
88600
88701
89350
89080
89461
88820
88631
88830
88941
96440
89361
89300
88771
88730
95571
88900
89111
88920
88901
89100
95661
89100
88971
88670
89210
88811
88850
89381
90790
89591
89060
96301
88930
88661
88990
88731
89150
88671
88360
89220
89041
88960
95411
89600
88961
89110
88511
89610
89481
89100
89351
89350
88681
95810
89601
89000
88591
89200
94361
89930
89020
88781
88820
88671
95570
90201
88450
88751
88490
88931
89010
88721
88820
88511
89300
88440
95961
88600
88551
88870
88901
88990
88551
88800
89981
88540
89281
97650
93031
89280
90891
88930
89231
88910
89121
89360
88650
88651
96220
88371
88680
90061
88970
94091
88970
90361
88550
89371
89760
96881
89240
88931
89180
89201
88990
89171
89150
88990
88961
88870
96101
89420
88861
88500
88351
89010
88731
88750
88571
88470
89271
98940
91591
89570
88850
88731
88930
89261
88840
89421
88880
89821
96640
89401
88930
89141
88850
92651
89990
89741
88260
88751
88960
95571
89680
89390
88911
88600
88811
89330
89171
88890
89021
88700
89061
96430
89151
88530
88941
89200
88730
88541
88840
88551
89110
88531
96560
88811
88350
89301
89020
89891
89210
88731
89020
89111
88950
96211
88800
88891
88860
88710
96191
88810
88201
88810
89991
89010
96661
89700
88411
88650
88671
88740
89091
89490
89340
88711
91100
97041
89110
88871
88990
88061
88800
88851
88960
88791
89920
88941
96740
89711
88880
88601
88440
88711
88230
88350
88981
89160
88531
95350
89781
88960
89511
88940
91271
91740
89581
89220
88971
89140
96301
89820
88890
88361
88330
89081
89110
89641
88620
89651
88460
88671
97380
88751
89360
88641
89680
89101
88980
89101
88740
88790
88821
97250
89101
89190
88581
89190
89071
89440
89081
88970
89001
89590
96421
88860
88731
89000
89010
94791
89110
88641
88790
89221
89270
96831
88770
88831
88570
88311
89760
88891
88930
88541
89300
88721
97440
89060
88591
89130
88991
88940
89111
88480
88901
88610
88741
96250
89231
89140
88501
88850
88951
88930
88701
88480
88750
88681
95270
90431
89270
90251
88920
89231
93240
88551
88890
89441
88970
94791
90050
89081
88930
89750
88741
88590
89031
89060
89041
88800
88891
97900
88931
89070
89041
89980
88751
89000
88611
88500
89001
88780
96071
89980
89930
88711
89020
88751
88990
88671
88560
88791
89220
97351
89110
88931
88900
89441
93870
88890
88751
88930
89181
88870
100371
89390
88701
89000
88961
88490
89101
89450
88661
88570
89101
97030
89241
88890
89991
88650
89200
89211
89130
89441
89080
88671
95760
90261
88930
88871
88950
88731
88990
89821
88470
88550
89811
95600
89711
88610
88501
88410
88941
92590
88661
88070
88461
89100
88841
96230
90131
88790
88751
88980
88501
89570
88510
89101
89110
88721
96480
89281
88790
89041
89240
88291
88810
89511
88310
88721
88790
96721
89140
89090
88751
88820
88861
88700
88661
88540
88991
88300
96151
89000
88321
89110
88751
91910
91951
89090
88821
88580
88500
96581
88670
88631
88590
89071
88890
89021
89190
89101
89360
88811
95910
89421
89980
89271
88760
89350
88871
89080
89551
89100
88871
95400
89841
89140
89611
88360
89621
89800
89511
89760
89471
89370
95791
90250
90230
89881
90170
88481
94200
88801
88940
88661
89060
89271
96640
88481
88730
89081
88970
88961
88970
88801
88910
89050
89511
96730
89021
88830
88971
88870
88911
88820
88501
88880
88851
88790
96281
89090
89251
88470
88681
88520
88810
88801
89070
88391
88970
96731
89430
89261
88930
88901
92590
90881
88950
88611
88770
88881
96380
89431
88810
89170
90401
88930
89051
89320
88351
89160
89361
95790
89131
89090
88691
89240
88761
89190
89001
88850
89411
88790
95091
90640
89040
90361
88790
88981
88860
90141
89170
89421
88740
95911
90560
89321
89550
89011
89510
93120
90081
90220
89471
89400
88981
96530
88771
88900
88631
89430
88841
89210
89931
88790
88511
88330
97031
88950
88411
88930
89080
88991
88830
89031
88540
89351
88680
95871
89080
88651
88860
88721
88600
89031
88930
88580
88561
88820
97001
89190
89151
88860
88741
91980
90761
89240
88961
89500
88771
96790
89371
89090
88831
90070
89051
88690
89020
88771
88570
89671
96340
89431
89480
88641
88970
88961
88310
88651
88640
88471
88750
95430
89841
89050
88491
89010
88731
89030
89241
88240
88941
88590
89201
96880
88821
89190
88921
88730
94131
89010
89471
88730
88760
88891
96480
88791
89070
88581
88820
88761
89010
89701
88620
88741
88600
96711
89830
88711
89490
89280
88951
88490
88751
89070
89551
88940
96361
89770
89491
88090
88891
88350
89061
89970
88431
89170
88520
96351
89280
88401
89050
88961
91260
90971
88520
88811
89000
88371
97020
89971
88180
89211
88960
88871
88730
89350
88391
88570
88541
94980
90121
90220
89021
89720
88791
89230
88871
88800
88731
89030
88981
100160
88881
88810
89920
88901
88470
88631
89210
88961
88770
89771
96930
88721
88650
89271
89490
93511
88770
88161
90340
88531
88840
95891
88690
88910
88661
88640
88851
88530
88751
88510
88961
89730
96041
89520
88691
88260
88571
88930
88970
88401
88470
88541
88860
99721
89430
88641
88820
88331
88710
89111
88310
88541
88660
88861
96450
89321
88640
88270
89271
91540
89951
89190
88431
89250
89151
95360
89321
88800
89281
89080
88971
89350
88710
89081
88800
88671
98410
89781
88990
89661
88620
88621
88660
88471
88600
88831
88530
88471
95660
88591
88430
89851
88810
89070
88391
88770
88791
88990
89521
95840
89151
88980
88651
88920
93371
89240
88841
88910
88840
88951
96050
90031
89690
88431
88930
88581
88620
89051
88540
88801
88800
96351
88660
88431
88900
89141
89210
88530
89471
89000
89041
88690
97251
89090
88411
88720
88271
89110
88981
88430
88751
88820
88520
98031
90060
88791
88870
89031
91300
90331
88210
88931
88530
88941
96340
90331
88240
88731
90030
89761
88690
88831
88890
89050
88481
88650
97061
89400
89381
89520
89341
90690
88851
89320
89061
89310
89911
97000
89631
88680
88911
88820
89540
89031
88690
88821
90400
89081
95830
89271
89690
88721
88490
95911
89000
88871
88940
89501
88690
98471
89450
89281
89160
89130
89071
89040
89081
89820
89991
88890
97741
88850
89071
88550
88801
88890
89101
89110
89061
88830
88841
98290
89211
89200
89400
89511
89360
89181
88660
88911
88670
88561
96570
89521
89280
88091
88210
91721
90150
88620
88491
88120
89141
96220
89901
89100
89211
89280
88911
88660
89231
88810
89001
89340
89001
98070
89081
88670
88920
88901
88790
88801
89270
88611
88940
88951
96580
89111
89130
89001
89260
89311
89290
89451
89230
89271
89030
96791
89490
88890
88741
88460
93701
88700
88891
88920
89211
88580
98151
90170
88461
88190
88771
89290
89911
89400
89530
89091
89070
96941
90010
88881
89070
89241
88320
89261
89170
88361
89010
89811
97320
89301
90520
88901
88500
88661
88910
88470
88851
89000
88661
95540
89081
89130
88931
88750
91441
90320
88821
88850
88981
89050
95370
90771
88900
89101
88950
88861
89330
89021
89360
89181
89010
89011
90140
88611
88850
88871
90180
88881
88490
88390
89131
89460
88961
96090
88941
89240
88741
88210
88791
89320
88861
89350
89071
90280
95721
89140
89170
89091
88580
92541
88630
89071
88940
89601
88400
95591
89300
88701
88620
89021
89010
88731
88720
89361
89050
88780
96521
89720
88971
88890
88731
88920
89271
88710
88721
90080
89291
95480
89281
88580
89021
89180
88971
88710
88740
88701
89020
88621
94410
90261
88880
89371
88440
89171
92730
89161
88890
89051
88960
95921
89910
89150
88701
88830
88951
88810
89081
89450
89211
88950
90531
96490
88781
88880
88831
89780
88401
88510
88731
88780
88460
88761
96610
88671
88290
89171
91120
89501
89030
89561
89180
88681
89220
96601
89460
88781
89170
88930
93101
88820
88571
88790
88661
89220
96141
88430
88421
88580
88411
89080
89971
88780
89111
89050
89001
96160
89291
88940
89280
89171
88950
89051
88630
88751
88570
89121
95640
89531
90150
90181
88690
89361
89220
88850
88741
88770
89091
94920
90141
88900
89131
88890
88501
92520
88611
88650
88731
88430
88551
96570
88691
88850
89001
88730
89640
89951
88710
88821
89220
89371
97870
88971
88900
88751
90870
88801
88800
88501
88590
88520
88881
96810
90251
88550
89011
89370
89201
89080
89701
88790
88711
90020
96861
89000
89141
90410
88941
93370
89271
89400
88810
88751
89160
98331
88590
88941
89060
88921
89110
88811
89240
88851
89930
88691
95820
88721
88860
88930
88881
88470
89071
89240
89301
89040
89341
95840
90291
88740
88691
88880
88631
88780
88771
88770
88731
89170
95370
89741
88840
88731
89050
89211
93250
89091
89060
89031
89000
89251
99180
89361
89870
89021
88860
89461
89060
88970
89061
88930
89531
96020
89111
89360
88841
89190
88921
89060
88861
88850
88821
88670
95651
89390
89110
88931
89850
89301
89230
89051
89160
89101
89140
97071
88970
89291
89330
89411
93380
90041
89430
89231
89010
88741
96580
88561
88950
88730
89061
88650
89001
89040
89411
88650
88461
96320
90541
88690
88861
88590
88831
89660
89160
89431
89300
89051
97260
89801
89450
89301
88740
88671
88970
89251
88800
89531
88870
96141
91190
89291
89720
89011
89470
92420
89061
89540
88991
89030
88921
96150
88761
88530
88581
88990
89511
88910
89221
88970
88810
88901
96950
88611
89270
89581
88650
89021
88840
89211
89230
88841
89000
95971
88990
89221
89150
90131
88950
89291
89250
88830
89411
90020
96671
90580
89581
88520
89411
94140
90021
88600
88341
89020
88831
97080
89121
89100
89140
88791
88810
88641
88950
89071
89140
89231
96210
88971
88970
89291
89320
89061
89120
89301
88640
89171
89080
96260
88661
89050
88791
88810
88761
88660
89091
88910
88471
88630
95661
89910
89001
88920
89451
89610
92601
89050
89180
89121
89110
88541
97530
89071
88610
88821
89070
89221
88560
88851
88800
89321
89010
96401
89180
88761
89180
89250
90011
88790
88981
88480
89781
88800
97221
90030
89451
89230
90391
89330
88721
88670
89311
89580
88631
97680
89360
89161
89240
89531
97420
88921
89390
89031
88640
88921
96060
89901
88760
89101
88870
88741
89210
88711
90460
88731
89330
96791
89380
88870
89221
88510
89031
89010
88981
88880
89521
89340
96091
91150
89111
88310
88591
88860
89180
88751
89010
89361
89180
96051
89780
90041
88930
89191
92150
90571
90010
88891
89250
89491
95140
90251
89900
89301
89670
89180
89701
89520
89291
88960
89001
89160
97381
89210
88651
88850
89121
89220
89221
89020
88820
89211
89370
96901
89580
89411
89520
88931
89270
89081
89650
89601
89180
89121
96060
89441
89590
88951
88900
93571
88670
89251
88790
89150
88811
96150
89511
89440
89061
89240
89201
88670
89121
90030
89581
89290
97831
89820
89021
88830
88270
88661
88430
88701
88780
88771
88770
96151
89180
89111
88780
88531
88940
89641
88230
89311
89080
89790
95491
89640
88941
88830
88891
93620
89641
89270
89351
89250
89101
95470
89311
88480
88961
88760
89151
88830
88791
89670
88760
89371
95500
90421
89440
89171
88620
88531
89170
89291
88770
89491
88370
88551
96250
88711
88600
88510
89111
89290
88671
88630
88751
89530
88831
95780
88781
89060
88851
88870
94051
89030
88801
89630
88941
89000
96851
89210
88950
89041
89010
88601
88820
88901
88680
89001
88600
97341
88770
88791
89640
89851
88870
89960
88871
88700
88661
88580
96651
89090
88441
88420
88551
88980
88491
89100
88571
88680
88661
95190
89601
89040
88370
89081
88920
93531
88960
88841
88950
89011
97030
89581
88490
88721
88820
88621
89280
88700
88621
88690
88991
88610
96951
88810
89111
88500
89331
88830
88581
88730
88551
88470
88971
95880
88931
88650
89021
88680
88420
89331
88340
88551
88730
88891
96790
89301
88620
88531
89140
92231
91250
89011
88960
88540
88831
95230
89061
88650
88431
89320
89031
88530
88411
88910
88871
89280
96091
89180
88931
89280
88991
89090
89380
88141
88920
88931
88540
95701
89880
88661
88750
88431
88700
88821
88980
88711
88790
88400
89191
96380
89301
90530
88841
89280
93881
88340
