95870
89381
88460
88601
87980
97771
89070
88081
88490
88281
88190
88211
88170
88200
88211
88090
95371
89860
88341
88310
88581
89670
87891
89150
89141
88160
87891
88630
98051
88400
88780
89161
88390
88811
89100
88301
88020
88061
88040
98851
88440
88451
88320
88001
94630
88301
88180
87940
88001
87720
95341
88300
88111
87980
88471
89290
87961
88540
87791
88380
88221
95860
89410
88581
89050
89751
88010
87751
88660
87971
89020
87821
98740
88881
88400
87941
87640
87751
88020
88031
88100
88090
88071
88400
95841
88230
89001
88210
88071
94170
87701
87770
87571
87970
88040
95521
88720
88101
87620
88201
88200
88181
88140
88181
87570
89691
97110
88621
88080
89011
88120
88151
88000
87850
88391
87890
88131
96710
88761
87770
87981
87800
88461
87850
88251
87740
88010
87961
96320
89551
87920
88471
87840
88331
92670
87641
88070
88051
87920
89301
96590
88261
87680
88161
87780
87890
87911
88320
88781
88230
87581
100000
88161
87920
87951
88460
88051
87830
87980
88601
87820
87581
95900
88871
88240
87901
88210
87781
87910
88391
88010
88071
88230
95421
89240
87921
87790
87840
89091
92050
88061
88230
87811
88430
87721
95260
88261
87470
88411
87440
88040
87681
88070
87911
87710
87941
98620
88561
87910
87841
87790
87601
87960
87501
87860
88381
87820
95911
88790
87640
87711
87760
88241
88700
87851
87760
87931
87880
95611
92140
87961
87660
87830
88451
93460
88151
87800
87621
88360
88571
96860
88451
87670
88201
89400
87791
88310
88311
87950
88310
88951
96420
88471
88030
88251
87950
87831
88330
88051
88020
88151
88130
98291
88710
87820
87661
87530
87641
88210
87651
88520
88021
87870
95291
88850
87871
88070
87771
91370
89031
88200
87950
87631
88390
94561
89740
88411
87840
87701
88510
87961
87690
88081
88340
88090
87941
95600
88221
87730
88171
87680
87901
87600
87771
87840
88621
88580
96211
89310
87961
88130
88060
88601
88300
87851
88130
88281
88050
98771
88710
87931
88220
87481
91760
88721
87580
87601
87460
87590
95591
89280
87911
87850
87991
88040
88811
88200
88171
89400
87821
88570
96200
88041
88180
88011
87810
88021
88260
88281
88040
88081
88240
95091
88450
88211
88050
87641
88580
88000
88661
89120
87501
87970
99391
90030
88151
88090
88391
91410
89271
87840
88101
87930
88740
94871
89480
88441
88370
87881
87610
87721
88050
87511
87860
87981
88360
95791
88000
89451
88370
87661
88290
87990
87781
88180
88121
88490
96261
88410
87761
88020
88061
88510
88311
88540
88270
87901
88180
96721
87980
87811
88330
88201
91630
90121
87920
88081
88290
87521
95390
88431
88930
88511
88310
88490
87831
87960
87601
88150
88001
88660
97561
87790
87831
88480
88011
88140
87900
87761
87910
87991
88080
96591
88640
87781
87810
87861
88430
93951
88730
88301
87600
88191
95160
88531
87520
88370
87491
91420
88651
87660
88171
87990
88001
97990
89171
88360
87851
87880
87140
87941
88170
87851
87900
88211
97340
89571
87740
88011
89880
87801
87840
88091
88130
88131
87870
88240
95931
87890
87441
87960
87731
88700
88241
88050
88131
87560
87751
95110
88471
88200
87680
88171
92090
90321
88200
87611
88310
88031
98830
88611
87620
88191
88210
87471
87670
87661
87510
87720
88631
94830
89751
87500
88091
88130
87491
88100
87631
88140
88151
88270
87710
94781
88940
87701
87900
87721
88050
87871
87860
88201
87630
87701
96820
88031
87740
88171
87910
91921
90850
87640
87881
87880
87731
96210
87961
87640
88001
87970
88831
87790
87931
88090
88320
88091
96850
88731
87910
87831
88730
89201
87710
87731
88010
88101
87620
88701
95210
87861
87790
87511
89310
87420
87711
88030
88001
88470
88031
95530
89901
88190
87471
88130
93451
88510
88260
87681
87920
88201
95140
88101
88410
88611
87790
88231
88170
88101
88150
88221
88420
94241
88930
88561
88240
88670
88151
89600
88031
88020
88781
88090
88411
95660
87931
88060
87821
87520
88220
88081
88100
88421
88270
88141
95650
88701
88830
88601
88100
95491
88460
88081
88430
88121
87960
95781
88710
88280
87991
88450
88321
88000
88121
88350
87701
88280
95191
88840
87851
88970
87980
87921
87990
88881
88540
87931
87690
94731
89580
88301
87670
88031
88540
87751
88140
87981
88150
88350
87791
95240
88121
88200
88571
87800
95681
88120
88411
87870
87911
88310
95301
88470
88311
88060
88190
87751
87680
87831
88250
87621
88520
94971
89560
88271
88010
88081
88070
89621
89650
87970
87841
88120
94661
89310
88081
88100
88351
88110
88141
88390
87951
87880
87641
88230
96070
88401
88400
87711
88160
93471
88400
87831
87720
88121
87870
95631
89560
87881
87670
88331
87740
88470
88021
88470
88331
88020
95361
88090
87561
88650
88311
88010
88441
88180
87721
88660
88170
94621
89210
88221
88120
88321
87700
87781
88160
87971
87740
87951
87890
95521
87960
88630
87681
88800
93911
87900
87741
88640
88171
87590
96001
88030
88131
87630
87901
87770
88151
88250
88100
87801
87760
97501
88660
88331
88080
88141
87670
87991
87920
89021
87980
88100
96341
89150
87851
87910
88471
87930
88121
87740
88431
87790
87631
88380
96471
88000
87511
88070
87850
95301
88480
88441
90990
88211
87770
97871
88830
87971
87940
88241
87970
88351
88130
88080
88801
89130
97861
89020
88021
88550
87921
88030
87591
87730
87891
87950
88001
97620
88831
88310
88351
88180
88540
87881
89670
87961
88010
88281
95080
89331
87860
87771
88180
87941
92930
88321
88110
87970
88481
88660
95801
88670
88411
88130
89141
88060
88401
88360
88341
88640
88261
98090
88341
87730
87821
87970
88190
88341
88370
87871
88280
87901
96270
89771
88450
88121
88420
88221
87770
88110
88111
87980
88171
94340
88761
87770
88141
88390
90801
89800
88241
88310
88701
88040
95611
89030
88081
89060
87710
88041
88370
87861
87980
88021
89140
89321
97820
89011
88160
88791
88000
88290
88061
87700
89411
89830
88341
95590
88621
89030
87561
88070
87991
87860
88331
88020
87611
88030
95831
88420
88560
87931
88290
91441
91300
87771
88190
88271
88150
96051
89070
88001
88450
88091
89530
87900
88231
87710
88101
88200
97421
89940
88461
88370
88591
88080
88141
88120
87811
88410
88201
87600
96441
88600
87480
87701
88920
88401
87910
88351
88100
87661
88780
96621
88790
87751
88220
88360
92211
90650
88441
87960
88951
87820
97241
88310
87621
87830
87581
87710
87681
89020
87861
88390
87690
97101
90040
88541
88210
88151
88240
88341
88140
88141
88200
88841
87440
96861
89590
88691
88970
88590
88421
88400
88151
87900
87601
88300
96971
89030
88211
88140
88071
93060
88211
87840
87961
89480
87410
97131
89590
88261
88070
88151
87910
87991
87780
87791
87950
87961
97310
89531
87810
87860
88031
89040
88101
88330
88021
87680
88201
95010
89251
87840
88261
87740
88071
88480
88531
87970
88530
87501
87740
97061
88500
87631
87860
87691
93070
88211
88170
88781
88370
88070
96271
88790
87901
87760
88371
88190
87531
88060
88511
87870
88691
97070
89031
87880
88371
88060
87541
87850
88170
88321
87930
88161
95960
89021
88770
88711
88310
88211
88560
88691
88980
88201
88480
88240
96441
88490
88741
88460
88331
93840
88371
87670
87921
88080
88151
97130
88091
87800
88121
87920
87931
88600
89010
88271
88140
88491
95860
88461
88200
87741
87940
87931
87840
88001
87950
88180
88711
96240
88801
88520
88931
87650
87951
88590
88031
88520
89281
87760
94481
89290
88271
87930
88371
88120
92050
88521
88240
88321
87770
87671
96150
89171
89690
87861
88130
88421
87890
88340
88891
88300
91681
97600
88001
87690
87951
88790
87671
88410
87631
88700
88341
89360
96591
87740
88171
88040
88000
88081
88570
87901
88190
88161
87880
96301
89140
88331
88080
89001
91490
90211
88290
88630
88991
88190
94531
89440
88421
87990
87831
87790
88101
87950
88271
88620
88151
88690
96461
88210
88201
88710
87830
88591
88410
87901
87660
88301
88290
95671
88320
88411
89510
87951
87990
88060
87821
87800
88181
88190
94671
88720
88591
87670
89331
91340
90371
87770
88211
88210
87991
95240
89481
88240
87910
88361
88310
89191
88190
88131
88110
88411
88330
95341
88440
88361
88420
89580
88171
88370
88101
88060
88031
87830
96491
88000
88121
87820
88051
88120
88251
88120
88071
87400
88180
96031
88870
87721
88340
88011
91410
90071
88500
87801
87810
87691
96330
88961
87880
88180
87701
88070
88611
88770
88601
88240
88001
95910
89791
88250
88471
87950
88141
87940
88331
88760
88300
88071
87790
95291
88520
87981
89240
87711
88770
88061
87960
88531
88060
88181
97470
88110
88791
88190
88351
91840
89871
87700
89591
88500
88051
98020
88901
87980
87741
87930
88231
88190
87910
87901
87890
88711
96250
89371
88240
87611
88050
88891
87890
88071
88340
88071
88310
88010
97251
88360
88011
87970
88191
88080
87971
88140
88221
88000
87831
96440
88661
88320
88070
88511
93070
88231
88550
88261
88140
87851
96640
88681
88030
88011
87710
88401
88840
88711
88560
88700
87941
100000
88891
88300
88821
88270
87981
87950
87891
87910
88051
87960
95391
89310
87861
87850
88300
88401
88310
88061
89180
88251
88390
87761
98020
88361
87760
87701
88640
93331
87580
87711
88220
87740
88291
96540
88491
88300
87761
88480
88391
87760
87621
87750
87331
87910
96391
89860
87900
87951
88000
88071
87930
88021
88090
88211
88140
98721
89880
89221
87930
88081
87860
88221
87770
88000
89511
88310
87911
97680
87861
88100
87941
88240
93301
87980
88451
87820
88011
88720
96260
88561
88140
88011
88010
87431
88250
88351
89430
88341
87680
95481
88170
88161
88110
87901
87870
87450
87581
88230
88111
88220
98801
89130
88661
88180
88491
87760
88461
88110
88151
87920
88021
95580
89121
87900
88100
88311
88340
95321
88280
89161
87580
88431
87660
96381
88470
88221
88260
88201
88300
88650
88031
88260
87801
88140
96061
88680
88501
87850
87771
88100
87661
88540
88441
88360
88881
95040
88880
89781
89850
88341
88540
87601
88360
87671
88330
87471
94850
88511
88940
87871
87730
90850
89271
88720
87931
88090
88131
94350
90941
87990
88501
88220
87631
88290
88611
88240
87581
88000
88340
96881
87960
87431
87650
87631
88470
88071
87760
87701
87530
87711
99060
88191
88880
88340
88181
88630
87691
88170
88161
88350
88091
96390
88451
87860
88261
88100
91121
89330
88220
88801
87890
89131
95710
89561
88750
88461
88370
88291
88600
88101
89870
88231
88440
88421
96570
88750
88131
87920
87891
88820
88191
87640
88001
87940
88111
95870
88181
88480
88611
88650
87900
88321
88190
88161
88260
87791
95190
88381
87960
88061
88660
91621
90160
88581
88180
88641
88650
95790
88731
88630
88721
88840
88261
88410
88381
88080
88061
88690
95551
90020
88241
88910
87671
88000
88550
87791
88320
88181
88340
88371
97190
89851
88160
88111
87710
88351
88040
88221
87780
88200
88181
95180
88321
87840
88191
88270
92791
91870
88131
88630
88231
88290
95701
88700
88151
88710
88190
87561
87870
87871
87910
87841
88220
94371
90740
87921
88140
87851
88040
88701
87750
87780
87661
87800
88131
96250
88241
88150
88281
88570
88151
88090
88321
87690
88711
88210
96090
88471
87740
87411
87790
93421
87970
88021
88080
87881
88180
96601
88590
88281
88210
88151
88500
88140
88461
88570
87871
88250
97451
88480
87941
87450
88531
87650
88231
88000
88271
87960
87950
95271
89080
88391
87710
88331
88200
87951
88170
87751
88300
88001
88260
99011
88720
87791
88120
89191
93550
88190
87721
88520
87801
88160
96121
88930
87681
88320
88101
87670
88061
87910
87840
87771
87530
95141
89680
88711
87450
87751
87660
88091
88450
88411
88040
87791
95660
89261
88500
88131
88110
87790
87771
88030
88441
87910
87891
88110
96371
88470
88061
87560
88031
93100
88150
87851
87760
87831
87860
97481
88730
88071
87640
88671
88570
88071
87940
87961
87830
88221
97250
89121
87880
88130
87921
87540
88081
87950
87941
88230
87591
96300
89281
87940
88381
88000
89300
87891
87960
87901
88000
88041
87820
95821
88080
87921
88080
87861
93310
87291
87880
87621
87980
87570
95261
88380
87621
88150
87701
87850
88211
88680
88041
87890
87951
95670
88631
88240
88120
88411
87880
87901
87650
88241
87790
89421
94920
90311
87690
88401
88030
88211
88200
88150
88121
88420
88951
87700
95521
88450
88281
89480
90001
92950
87841
87560
88281
87870
87890
96611
88250
87921
87740
88171
87710
87721
88700
88261
87670
88051
96580
88081
88220
88491
87900
88690
89731
88140
87921
88120
89101
94610
88841
88330
88091
88980
88001
88180
88011
88260
87740
88231
94820
89361
87870
88161
88550
88111
92230
88101
88230
88601
88300
87981
96650
88631
88730
88150
88201
89330
87911
88420
88221
87950
90031
95330
88631
87850
88141
87200
87951
87560
89400
