97291
101450
91781
91830
91101
90490
91481
90920
90561
91810
90841
90210
98381
90350
90271
89970
90471
95620
90741
90400
90590
90311
91400
99261
90580
90191
90540
90601
90370
90281
90970
90401
90680
90701
100730
91181
89930
90621
90680
90141
90370
90051
90380
90641
90090
98251
90390
90160
91261
90440
90931
90190
89651
89730
89671
90220
97921
90340
90061
89210
89721
95660
90171
90490
89921
89650
90500
97201
89960
89841
89630
90301
90270
90351
90500
89431
90450
90331
97300
90581
89780
90221
89880
90651
89940
90001
90060
89801
91180
98301
90150
89750
90131
90930
90211
90070
89961
90640
90031
90280
97001
89930
90941
89900
90371
94770
90121
90890
90251
89990
90211
97850
89661
89880
89951
89910
89681
89560
89780
90071
89410
89831
98210
90641
89760
89471
89460
89651
89450
90011
89460
89941
89920
97091
90250
90441
89890
89720
90031
89770
89881
89520
90441
89650
96361
89870
89741
89850
90571
94640
90241
89470
89721
89920
89611
97940
90261
89990
91501
90670
89290
89861
89900
90051
89750
91801
97570
89511
89990
89641
90280
89321
89250
90461
89630
90781
89360
97171
90140
89631
89510
90061
89780
89510
90271
89700
89821
90010
97101
89740
90311
89330
89291
95430
90131
90430
89801
89840
89901
97540
89961
89930
89711
89230
89950
89591
89630
89821
89780
89341
97140
90221
89780
89661
89060
89091
89570
89531
89760
89591
89780
98481
90000
89871
89840
90160
89911
89960
89681
89930
89851
89890
97091
90280
90201
89920
89921
94820
90161
89200
90591
89750
89501
97120
89931
89600
89981
90620
90461
90210
90150
89401
89960
89741
97640
89541
89490
90041
90280
89491
89470
90261
89910
90051
89590
100561
91160
89991
90580
89581
90330
89730
89821
89720
89791
91130
96661
90940
90121
89250
89531
92620
92801
89950
89511
90520
89641
97460
90201
89270
90171
89380
89580
89651
89910
89661
89600
89521
97410
89751
89350
89971
89650
89881
89970
89851
89480
89511
89920
97021
90060
90041
89250
89471
89910
89780
89481
89410
89221
89500
96561
90460
89421
89520
89971
92420
91611
89610
89531
90170
89661
96170
90461
89540
89480
89461
89610
89321
90070
89881
89460
89591
97520
90881
89860
90141
90580
89091
90250
90111
90020
90961
89400
96541
90360
89231
89750
89430
90521
89630
89851
90600
89911
89300
96101
90580
90051
89510
89421
91680
91781
89480
91021
89730
89651
96300
90811
89360
90521
89990
89620
89721
90090
89951
89990
90051
97010
90951
89730
89531
89550
89901
89720
90091
89630
89531
90660
96001
90440
90750
89361
89740
89311
89910
89971
89930
90631
89240
95921
90160
89991
89810
90641
89850
94211
90670
89801
90010
91141
97010
91161
90920
90691
89590
90701
90410
89910
90181
89940
89641
97120
90941
90320
90201
90850
89541
90020
90111
90030
89901
90100
96511
91190
90001
89640
89631
90170
90360
89791
89980
90231
89810
95841
91080
91191
90070
89541
90820
95181
89880
91081
89460
89931
96470
90641
89980
90181
89990
90141
91010
89911
89870
90150
90381
96480
91151
89690
89581
90100
90241
90130
89961
89870
89591
90540
95701
91440
89681
90120
89821
89500
89701
90260
89930
89961
89880
96051
91180
89901
89740
89681
90620
93641
90280
89781
90330
90411
96640
91631
90470
90301
89380
89991
90150
89270
89411
89830
89271
97310
91261
91360
89661
90030
90241
89540
89801
89760
89811
90140
97291
91600
89821
89930
90461
90120
90301
89730
90341
90230
89160
96091
91270
90091
90040
90051
89730
94201
89310
89861
90080
90061
96030
91021
89730
90131
90110
89601
90280
90471
89910
90811
89690
96671
92220
89920
89701
90870
89651
90700
90151
89900
89951
90250
97181
91180
89901
89980
90181
90430
89881
89740
89801
89930
90450
97511
91580
90061
89940
90031
89390
93561
89820
89751
89650
90181
96790
91121
90090
90101
89980
90221
90100
90201
90040
90181
89630
97121
91030
90110
89701
89960
90311
89880
90631
90350
90111
90320
96991
91640
90021
90030
89891
90300
90061
91750
89941
90510
90211
98640
90791
90050
91101
89990
89940
94991
90000
89741
89930
90381
97370
90421
89840
90551
89550
90001
89620
90121
90370
90561
89960
97571
90850
91211
89840
90220
89861
89950
90011
90280
90271
90130
95841
90960
89431
90200
89631
90190
89541
90210
90921
90650
89631
98090
91901
90390
89961
90560
93160
92651
90070
90261
89930
90161
96590
91381
89990
89711
89890
89981
90840
90261
90320
89931
89950
96421
90660
89671
89760
90051
90080
89841
89890
89860
89741
90010
96441
91450
90231
89870
90361
90170
89991
90070
91331
90290
89541
96770
91431
90170
90831
89900
92381
92000
90091
89970
90031
90020
97041
91840
90670
89651
89840
90321
90440
90101
90090
90761
90080
97271
91040
89781
90160
89891
89450
89881
89280
90440
90231
90020
96681
90550
89831
89870
89971
90130
90291
90080
90161
89930
90371
96290
92241
90420
89711
90500
92511
91350
90301
90650
90281
89790
96811
90770
90140
90241
90180
90301
90200
90961
90060
89861
90430
97351
91180
90011
89670
89591
90210
90371
89230
90331
90290
90541
97680
91711
89850
89901
89550
90190
90001
90340
90151
89890
90201
97060
90631
89480
90061
90460
92121
92170
90231
91210
90061
89550
97061
90820
89550
90111
89560
89651
90740
90171
90430
89751
89670
96771
91050
90681
90210
90031
90680
90711
90810
90451
90100
89901
96670
90791
90690
90641
90480
90270
90551
90340
89761
89970
90471
96610
91021
90320
90441
89950
92801
91330
90121
90190
90451
90500
96551
91310
90481
90260
90501
89750
90411
90400
90790
90141
90300
97671
90670
90641
90410
90571
90160
90511
90410
90301
90190
90511
97400
90761
90590
91351
91340
90241
89860
90581
90210
90141
90780
97631
90970
90600
89931
90270
93721
91990
90311
90020
90601
90670
97991
90090
90521
90060
90741
90530
90431
90010
90371
90610
90301
97630
90691
90460
90081
90270
90670
90111
90710
89951
90580
90161
97700
90821
89750
90191
91290
91371
90280
91471
90290
89801
90090
97461
90570
90291
90250
90271
94580
90121
90520
89960
89881
90360
99551
90490
90011
90490
90201
90590
90411
90190
90131
90250
90811
98440
90431
89980
90121
90340
90341
90670
89950
90451
91590
90441
99990
90651
90700
90121
90380
89871
89970
90271
90620
90491
90230
98391
90810
90851
90240
91181
95970
90161
90850
90691
90190
90101
97330
90301
91270
90610
90591
90460
91051
91040
90781
90710
90661
98990
91431
90480
91741
91070
90411
90760
90951
90810
90311
91220
97771
90020
89731
90040
89921
90030
91071
90290
90550
91301
90280
98161
90190
91551
90540
90471
94060
90491
90360
90511
90440
98011
91400
90401
89580
90171
90080
90131
91370
90391
90410
90441
98020
91161
90010
90501
90700
89690
90411
90410
90111
90040
90581
96750
91481
90350
90561
90320
89621
90410
90321
90150
90651
91420
96541
91020
90191
91070
90140
92411
92350
90271
91300
90611
90430
96441
90680
89971
90360
90651
90260
90651
89920
89971
90310
91001
96870
91371
90230
90681
90300
89960
89551
90240
90031
89980
89521
96030
91221
90410
89951
90060
89941
89960
89921
90630
90821
89930
96401
90840
90131
90600
90291
92060
92501
90370
90020
89631
89960
96771
90860
89561
90360
89801
90150
89911
90050
90501
90210
90271
96380
90921
90470
89961
90600
90461
90520
89811
89940
90580
90601
97171
91370
90610
90461
90980
90191
90630
90031
91600
91161
89780
98021
91540
91161
90850
90981
93480
91591
90250
90271
90570
90430
97481
90570
90131
90610
90201
90500
90621
90450
90461
90190
89931
98570
90841
90090
89931
90560
90221
91060
90461
90620
90081
89670
97381
91530
90411
90280
89720
90091
89880
89791
90550
90011
90410
98011
90930
89991
90500
90101
93970
92371
90700
91511
90290
90321
97170
90211
90690
90271
90100
90291
90680
90211
90150
90010
90581
97940
90771
90320
90651
90650
90011
90150
90151
90500
90131
90490
98741
90710
90241
90140
90091
90180
90051
90370
90271
90130
90391
98060
91971
90260
91240
90441
95750
94201
91950
90381
90040
90721
97350
91051
90420
90371
91180
91371
90490
90501
90950
90291
90060
97481
91060
90121
91980
90021
89920
89950
90811
90000
90321
90130
97071
90740
90671
89910
90671
90410
89901
90410
89681
89940
90381
97610
90571
90910
90091
90690
94951
90360
90710
90501
90290
90491
98420
90761
90220
90291
90460
90541
90440
90641
90140
90321
90010
98471
90580
90261
90210
90621
90240
90641
90260
89921
90280
90010
97731
89950
89981
90370
91151
90600
89971
89850
89961
90040
91261
97210
90581
90880
90321
89960
93541
90360
91201
91890
90621
96750
91241
90740
90271
90100
90370
89801
91700
90461
90650
90861
99320
91411
90400
90621
90800
90221
90930
90601
90330
90611
90410
96761
91430
90591
90210
90151
90580
90261
91110
89770
90111
90450
96531
91570
90061
90060
91071
93190
91531
90330
90771
90740
90361
96160
91271
90920
90281
90200
90671
90060
90661
90220
90330
90691
96420
90981
89860
90521
90240
91541
90610
90841
91130
91581
89960
97121
91090
89951
90130
90441
90440
91081
90140
90521
90130
90321
99860
91421
90310
90131
90750
93481
92340
90500
90551
89620
90091
97750
90621
90450
90901
90460
90181
90180
90061
90650
90321
90160
97471
90790
89981
91470
89891
90750
91151
90450
90230
90721
90150
97441
90560
90471
90380
90451
89990
90691
90490
90551
90960
90531
96960
89941
90470
90131
89890
94041
92990
90221
91150
90451
90830
97331
90400
89900
90331
90570
90151
90270
89901
90030
90391
89770
97601
90620
90691
90120
90581
90180
90491
90370
90131
90310
90711
97490
91471
90420
90091
90490
90630
90631
91710
90251
90690
89801
97110
90271
90250
90541
90330
95001
90180
90721
92240
91271
90100
96821
90870
90121
91260
89891
91120
90721
90640
90310
90161
90270
97831
91590
90371
90330
90151
90510
90831
90460
89831
90380
90731
96930
90421
90530
90871
90470
90791
90370
90010
90371
90700
91161
98460
90931
90490
90461
90750
95271
90240
90101
89620
90361
90500
97281
90570
90331
90500
90571
90350
90301
90650
89841
90180
90491
97560
90571
90500
90320
90781
90430
90651
90140
90401
90400
90271
98200
89841
90660
90311
90620
91541
90110
90391
90900
90791
98170
91881
90610
91141
90070
90351
94680
89861
90400
90510
90801
97510
91721
89940
90281
90290
90251
90450
90131
90640
90811
90420
104331
91430
90251
90690
90041
90010
90811
90330
90211
90220
90611
97480
90821
90160
90160
90441
90390
90911
90920
90291
90560
90051
97840
91211
90660
90481
89810
93141
90810
90411
90510
90551
90360
98371
90210
90591
90390
90500
90431
90630
90511
90170
90411
91350
97641
90830
90471
90580
90761
90730
90231
90730
90881
90520
89991
101810
91221
90230
90261
90220
90251
90020
90190
90641
90070
90021
98710
90261
89990
89821
89690
94941
90520
89901
89650
89591
89660
97551
90410
90201
90480
90111
89860
90601
90280
90381
89610
90690
99471
90700
89881
90070
90121
89800
89941
90140
89861
90380
90161
101020
90511
90480
89781
91840
90081
90410
90051
90440
89901
90040
97871
90390
89521
89930
89980
95691
90220
90151
91190
89641
89990
99541
90640
90581
90020
90061
90010
91111
89980
90231
89960
90281
97490
90611
90190
90551
90220
90180
89341
90060
89961
89700
89541
101020
90591
90130
89531
89770
90161
89990
89701
90610
90391
89670
99281
90430
90111
89920
90311
95730
89840
90061
90010
90661
90170
99241
91090
90161
89990
89831
89920
90041
90250
89801
89800
90361
98800
90211
89840
90171
89660
90401
90860
89961
90010
90500
89651
100590
90871
90480
90541
89900
90141
89950
89801
90230
89901
89510
98591
90310
89831
91330
89811
95010
90141
90420
90171
89910
90231
97980
90201
90270
89440
89961
90360
90341
89700
90361
90620
89681
98290
89981
89160
90571
90050
89601
89840
90281
90270
89680
89641
100070
90181
89600
90071
90050
89981
90680
90041
89880
90421
90150
97451
90010
89541
89640
90051
95660
90511
90110
89931
89820
90861
97740
89811
89730
89820
90091
89880
90311
89660
89891
89650
90131
98950
90651
90050
90091
89920
91711
90210
90061
90120
90261
90100
99361
89930
89231
90500
89971
89550
90090
90181
89700
90101
90390
97461
89990
89881
89640
89601
94270
90271
90150
89661
89660
89411
97930
90621
89430
91101
89790
89630
90191
90600
90221
90310
89511
99350
90671
90330
89941
89760
91301
90380
90241
89940
89751
89780
97491
90190
89561
93580
90781
89940
90261
90100
89871
90460
89991
98920
90180
90531
90370
90181
93650
90221
90350
90101
89740
90091
98430
90201
90010
89821
90150
90271
91250
90001
90170
90010
90081
98700
90431
89850
90481
89840
90881
90140
91461
90100
90251
97380
95381
90180
89811
90120
90991
89890
89761
90040
89871
90010
98391
90860
89331
90080
90080
90561
94110
90031
90290
89931
90000
100111
