95000
90471
96120
89470
88491
88750
88441
89760
89251
88740
88641
89720
88211
96640
88501
88520
88491
88650
96671
88660
88370
88781
88550
88841
97090
88501
88820
89401
89030
88441
88960
88861
88950
88861
88960
97061
88950
88021
88990
89000
88191
88820
89031
88240
88341
88850
96021
89720
88561
87940
87681
88350
89031
88440
88610
87971
88300
95741
89500
88531
89040
88271
88020
92551
88350
89561
88390
88441
88430
98341
88440
88511
89760
88390
88811
88050
88811
88050
88841
88330
95691
89290
89231
89100
88991
88810
88311
88360
89040
87851
88960
96221
88790
88201
88070
88651
88760
89101
89380
89081
88760
88721
97240
90171
88990
88721
88390
91900
90381
89810
92711
88280
88281
95160
89461
88450
88641
88560
89081
89650
88521
88110
88841
88570
97530
90291
89460
89081
88680
88391
88040
88441
88250
88331
87990
88411
96520
88181
88610
88261
88770
88491
88440
88590
88971
88920
88461
96350
88941
88850
88531
88460
92921
88960
88441
88920
88731
87870
98450
89621
88180
88431
89760
88821
88690
88921
88290
88981
88860
97471
88870
88371
88570
88941
88750
88751
88110
88400
88861
88220
95211
89060
88531
88680
88381
88960
88261
89830
88191
88800
88831
95440
93521
89910
88581
88820
91061
89220
90080
88461
88360
88301
97030
91191
89110
88391
88290
88721
89580
88391
88420
88361
89020
88700
96751
88570
88761
88730
88801
88460
88651
88370
89561
88570
88371
97450
88631
88580
89301
88800
88761
88840
88860
88691
88920
89271
96310
88991
88920
88921
88590
91851
89770
88961
88430
88891
89000
97771
89050
89100
88871
88520
89081
89450
88281
88440
89351
88830
98731
90530
88721
89190
88471
88600
88661
88330
88261
88230
88160
95101
89760
88501
88780
89541
88390
88121
88580
89411
88730
88231
88580
97231
88560
88871
88550
88700
92901
88680
88531
88270
88361
88540
97281
88980
88601
88500
89001
88670
88611
88770
88421
87990
88200
97131
89020
88151
88570
88691
88980
88641
88690
87951
88170
88471
96400
88761
88390
88311
89060
88300
88501
88990
88681
88190
88941
96020
89281
93520
88231
90230
91781
90120
88511
88770
88031
88730
95581
90190
88830
88871
88490
88461
89510
89161
88990
89411
88850
97261
90420
88631
89170
88291
87960
88691
88180
88200
89431
88670
89451
97620
90001
88770
88441
88960
88521
88930
88741
88880
88911
88070
97671
88680
88610
88101
88430
93891
88770
88701
89770
88761
88700
99171
89790
88491
88520
88011
88750
88531
88150
88641
89220
89501
97700
88760
88111
88430
88241
88010
88951
88640
88101
88710
88911
97840
89881
89190
89291
88280
87840
88351
88080
89011
88530
88531
96850
91241
90460
88901
89140
88411
95000
89031
88430
88481
88330
97031
89870
89791
88770
88220
88831
89750
88501
88340
88441
89200
88171
97650
88851
89020
88481
88410
88221
88630
89770
88981
88950
88781
97490
88551
88580
88401
89080
89271
88520
88471
88480
88391
88450
96081
88670
88361
88420
88290
92671
89870
88221
88540
88651
88460
97931
88430
88281
88460
88741
89520
88321
88530
88720
89001
88670
98581
89250
88361
88270
88301
88630
88541
88710
88761
88410
88501
96420
89731
88900
88451
88720
89601
88420
88880
88941
88710
89661
88330
96671
89080
88961
88680
88611
92500
88971
88320
88651
88830
88730
97981
88850
88241
88530
89121
88690
88701
88470
88741
88840
89691
96090
88781
88410
89071
88830
89941
88920
90010
88391
88360
88801
97350
88931
88390
88321
88470
88871
89000
88301
88430
89371
87760
97161
89490
88350
88581
88340
92371
89680
89171
88510
88611
88320
96621
89760
88791
89030
88901
88410
88621
88860
88591
88470
89180
89871
96700
88761
88620
89101
88560
88711
88040
88571
88420
89631
88500
98021
88910
88451
88510
88850
88391
88710
88841
88320
89251
88770
96281
88690
88651
87980
88741
92810
89171
88930
88501
88670
89490
97011
88740
88911
88550
88721
88980
88171
88930
88821
88510
88181
100960
89241
88600
88371
88660
88571
88370
88140
88151
88300
88751
95540
89951
89040
88951
88900
88641
88150
89031
89520
89031
88640
95821
89910
88300
88721
89490
88341
92500
88341
88990
88511
88490
88661
96480
88781
88560
88771
88450
88621
88360
89140
89561
88890
90151
99210
89001
88670
88851
89160
88481
88700
88231
88860
88691
88420
96381
88820
89870
88701
88380
88781
89050
89691
88520
88171
88670
97051
89040
88801
88640
87971
91810
90401
88930
89181
88730
89050
96791
89640
88951
89940
88391
89190
88761
88660
89861
88910
89991
97850
89981
88560
88801
89190
88241
88620
88611
88560
89020
88251
95310
89531
88650
87971
88650
88951
88550
88131
89260
88811
88830
88861
95700
88110
89001
88530
88391
93170
88721
88680
88461
88780
88991
96900
88491
88050
88551
89050
88531
88640
88091
88160
88740
88581
95470
88571
87990
88191
88170
88641
89000
88581
88830
88481
88440
96711
89630
87990
88571
88260
88971
87830
88211
88550
88271
88270
94941
90430
88791
88920
88411
89150
92931
88540
88191
88090
88500
88251
97000
88851
88950
88521
88790
88261
88650
89011
88270
88411
88570
97321
90190
90261
88780
88450
88621
88890
89061
88360
88361
88900
95891
88880
88311
88410
88531
88690
88391
88330
89201
88440
89350
95501
88960
88421
88680
88321
91750
89391
88380
88551
88850
88101
95370
89541
88200
88240
89341
88160
88661
89080
89121
88280
88661
97910
90071
93530
88341
88180
88671
88560
88621
88310
89511
88620
89051
96360
87950
88191
88830
87631
88490
88281
88520
88061
88560
88491
99890
88571
88610
88741
88470
93570
88541
88400
88551
88720
88151
96510
88141
88100
88941
88350
88451
88540
88671
88520
88861
90040
97971
88780
88950
88541
88420
88711
87920
88161
89250
89381
88150
96291
89610
88361
88570
88261
88340
88570
88271
88330
89741
89410
97861
89490
88121
89340
88211
88130
92691
88660
88481
87710
88771
87970
97041
88830
88010
88611
88320
89241
88570
89441
88950
88961
88630
98191
88830
88511
88570
88501
89140
88840
88531
88470
88621
88300
96131
88850
88431
88680
88421
88530
88301
89280
88551
88470
88481
97190
89111
88220
88390
88591
92390
90331
88600
88201
89150
89801
96980
89051
88280
88651
88470
88531
89340
88501
88400
88250
88781
96280
89371
88330
88901
88540
88311
88450
88541
89060
89591
88240
88661
97410
88561
88220
88541
88580
88390
88261
88180
88671
88740
88381
99370
88741
88730
88311
88860
92591
88340
88391
88380
88580
88051
96230
89431
88740
88011
87880
88951
89070
88861
89090
88541
89580
97861
89060
88371
88700
88241
88660
88920
88531
88150
88121
88360
97711
88830
88461
88240
88081
88630
87871
88890
88371
88430
89390
106011
91740
89731
89750
88891
91150
89501
88500
88801
88710
87811
95200
89911
88080
88161
88400
88691
88910
88241
88610
88130
88411
88880
97991
89200
88351
88630
88701
88490
88781
89670
88771
88830
88301
97570
88791
88050
88660
88731
88690
88511
88940
88631
88930
88911
97110
89191
89000
88391
88920
95711
89120
89041
88960
88811
88640
96610
88691
88640
88141
88180
88111
88290
88421
89810
88931
88080
96311
89000
88851
89510
88731
88410
93840
88711
88640
88681
88350
97741
90160
88331
88390
88311
88780
89831
88970
88091
88720
88011
88550
96140
88351
88510
88611
88780
92671
88570
88141
88650
88371
89550
96841
89360
88721
88660
88861
89190
89121
89180
88410
88151
88090
95961
89480
88891
89280
89651
88790
88671
89850
88571
88720
89401
99030
88991
87970
88090
88991
88010
88511
88240
88121
88360
88661
95650
89031
89090
88891
88390
91331
90610
88871
88870
88201
88830
94320
90641
88830
88621
88780
88401
88040
88581
88430
88421
88400
89491
97770
88701
88530
88591
88060
88980
88621
88850
87981
88720
88561
96250
88591
88860
88301
89350
89001
89050
88611
93760
88701
88820
98091
89390
88680
88981
88770
94221
89130
88401
88830
88591
88890
96341
88880
88801
88140
88781
88940
88371
88250
89840
88660
88370
95941
88610
88601
88700
88901
92560
91841
89020
90241
88510
88081
97040
88631
88810
88841
88790
88300
88681
89380
88351
88260
88341
95570
89681
87670
88911
88360
88861
93290
88541
89230
88831
89430
95561
89670
88500
88501
88930
88461
88380
88171
88690
88571
89500
88221
98240
88281
88600
89671
88670
88800
88501
88750
88891
89080
88211
97100
89831
88510
88511
89260
88661
88480
88701
88300
89071
88810
100051
89310
88471
89720
88570
91761
89570
88541
88110
88371
88130
97061
88660
88491
88760
88291
89070
88431
89180
88660
88531
88490
96171
89580
88601
88530
88931
88120
88761
88900
88121
88510
88491
95260
89671
88710
88151
88010
88250
89031
88150
89041
88430
88411
88080
97781
88980
88591
88070
88481
97020
89141
88600
88320
87761
88220
97981
88490
88241
89680
88311
88370
88091
88700
88751
87940
89301
97620
88621
88820
88821
88350
88760
87891
88220
88151
88570
89441
97040
88641
87990
88411
88460
88671
89100
88271
88360
88960
88511
95960
89661
88700
88721
88450
94811
89570
88111
88290
88441
87770
97791
89600
88581
88450
88421
88310
88970
88621
88300
88811
87730
88471
96780
88571
88390
88871
89300
88251
88940
88691
88280
88550
88981
97130
89371
88430
89071
90180
88651
89060
88821
89210
89161
89150
96041
88720
88611
87820
88771
92520
90631
88900
88570
88771
88590
98801
89240
88521
88890
88231
88670
88691
88790
88521
88170
88971
96850
89170
88161
88410
89311
88810
88631
88700
88971
89450
88811
95160
90511
88810
88471
88620
89121
88710
88091
88550
89240
88551
88900
96351
89620
88681
88950
88591
94210
88431
88350
88751
89020
89151
96570
88631
88860
88910
88411
88940
88971
88270
87641
88740
88691
96960
88631
88150
87991
89120
89051
88370
88361
88730
88580
88541
95370
89071
88610
88451
88580
88441
88210
88621
88620
88381
88580
97621
89570
88281
88320
88390
90551
90290
88601
89780
88591
88470
96501
89780
88801
88210
89571
88700
88311
88420
89361
87810
88250
88861
96120
89021
88640
88531
88690
88441
88610
88821
88710
88191
88710
95451
88900
88831
88030
88250
88751
88010
88571
88880
88941
88220
100721
89300
88281
88570
88611
93160
89951
88220
88541
88190
88941
96370
88980
88601
88400
88881
88660
88411
88360
88791
88620
89501
95660
88831
88640
88551
88300
89191
88280
88720
88841
88430
88581
99160
89701
90130
88271
88910
89181
88770
88801
87950
88641
90020
88511
96560
88440
88781
88540
88631
93290
88351
88750
87981
87990
88521
96320
88861
88770
88291
88320
88371
88460
88671
88820
88680
88811
96840
88871
88500
87891
88770
88451
88110
88211
87990
88631
88590
96721
89180
88620
88391
88000
88241
88560
88581
88120
88241
88600
95461
89330
88531
88060
88951
90640
90551
88680
88900
88831
88580
95041
89090
88621
88250
88631
88720
88951
88320
88861
88750
88951
88410
95351
88600
88960
89051
88580
88541
88300
89681
88590
88371
88360
97711
90290
88131
88210
88661
88640
88881
88100
88650
88811
88700
96401
89050
88671
88870
88581
92820
90971
88010
89041
88740
88751
95540
88681
88280
88631
88860
88170
88421
88700
89231
88570
88391
97230
89531
88580
88361
88540
88511
88600
89471
88850
89131
88820
96131
90230
88840
88651
88440
90181
88740
88701
88560
88871
88580
89241
104100
95271
91580
89341
88860
93021
88770
89221
89220
90471
88980
97251
90800
88530
88551
88890
88651
89940
88941
88680
88601
88610
96781
88730
88281
88100
89661
89450
88650
89041
88820
89391
88780
101131
89140
88711
88720
88611
88760
89111
88520
89261
88590
88651
97310
89211
89710
88691
88660
93020
89781
88470
88601
88510
88691
96320
89121
89150
88551
89140
89101
88810
88751
88240
90090
88591
96330
89241
88760
88701
89090
88971
88340
88291
88820
88841
88770
95281
90530
88071
89400
88491
89360
88800
89101
89120
88061
89020
89491
96890
88511
88580
88781
88700
92911
88230
88171
89490
88750
89291
96320
88771
88560
88881
88500
88411
89070
88101
88630
88971
88390
96431
89400
88621
89070
88651
89210
88451
88400
88480
88461
88530
95931
88820
88761
88570
88371
88510
88381
88460
88571
88570
88430
97761
89690
88551
89600
88601
92130
90391
88840
88931
88830
88811
96670
88941
89310
88191
88950
88741
89070
88561
89720
88360
88951
97250
89721
88840
88451
88420
88661
88680
88461
88730
88751
88490
88421
99840
88841
88770
88150
88631
88710
88111
88340
88401
88590
88111
97170
88661
88100
88141
88150
93871
88540
87991
89250
88210
88261
97820
89051
88450
88591
89960
88491
88770
88731
88480
88741
91510
99351
88940
88691
88220
88541
88200
88380
88931
88460
88771
88480
99311
89460
88831
88620
88181
89500
89951
88410
88491
88380
88401
96560
89521
89250
88650
88631
88100
93251
88660
88301
89240
88321
89140
97591
89490
88551
88830
88731
88880
88591
89030
88750
88141
88900
96171
