# elapsed_ns, one measured sample per line, ascending
10356408
10366108
10368238
10368738
10369698
10369709
10370178
10374138
10375028
10375418
10378868
10379548
10379578
10381518
10382638
10382888
10383698
10385958
10387508
10391828
10392398
10392498
10392629
10392809
10395759
10398058
10398478
10398858
10399078
10400478
10401308
10401558
10402608
10405669
10406838
10407038
10409078
10409748
10415129
10415958
10416088
10419068
10419269
10421169
10425578
10429878
10431098
10433718
10437248
10438079
10444059
10454069
10455719
10462139
10468909
10470099
10471508
10475538
10488279
10513419
