# elapsed_ns, one measured sample per line, ascending
2024202
2026012
2030401
2030742
2031181
2031912
2032202
2033241
2033242
2033341
2034282
2035062
2035242
2036122
2036792
2037462
2038472
2038662
2038802
2039031
2039382
2039412
2039841
2039861
2040012
2040662
2040792
2041842
2041902
2042292
2042372
2042782
2042811
2043022
2043052
2043151
2043391
2043441
2043641
2043841
2044061
2044091
2044401
2044432
2044792
2044911
2045851
2046492
2046611
2047232
2047582
2047751
2047952
2048162
2048212
2049092
2050142
2051652
2051672
2053132
