# elapsed_ns, one measured sample per line, ascending
25493054
25564695
25588085
25597416
25605536
25629666
25645786
25657276
25663755
25686536
25687396
25691025
25706346
25708006
25725306
25742186
25744026
25747896
25755466
25765906
25768776
25773646
25774317
25780126
25781436
25788527
25794026
25798076
25798547
25801127
25805337
25807056
25810826
25812837
25840407
25846257
25853976
25855356
25857397
25872237
25872317
25875687
25893257
25896957
25900177
25907577
25911687
25913858
25914297
25915568
25957797
25974937
26013237
26016068
26030578
26034607
26093448
26148168
26162308
26205729
