# elapsed_ns, one measured sample per line, ascending
24506405
24515876
24547320
24560310
24566320
24566919
24567820
24572820
24578519
24587660
24596930
24598759
24608499
24612976
24617499
24627929
24635900
24636120
24649530
24653590
24663246
24663421
24678910
24680927
24682730
24696997
24697730
24721601
24721627
24728417
24730181
24738907
24745141
24747091
24762767
24782600
24798701
24800411
24803391
24804387
24805921
24812971
24816291
24843281
24849371
24851241
24924528
24974732
25017662
25080503
25094743
25347254
25388374
25447575
25452724
25467965
25487335
25547755
25599095
25662446
