# elapsed_ns, one measured sample per line, ascending
2030091
2032681
2033982
2035221
2037171
2037272
2037282
2037672
2038521
2038791
2039002
2039052
2039791
2040081
2040101
2040272
2040502
2040662
2041012
2041092
2041171
2041832
2042182
2043302
2043461
2043602
2043672
2043681
2044442
2044751
2044832
2044912
2045452
2045531
2045841
2046301
2046311
2046332
2046761
2047062
2047201
2048261
2048892
2048912
2048932
2050312
2050672
2051031
2051562
2051731
2052362
2052742
2053392
2056382
2057031
2063002
2077932
2096022
2097872
2114512
