# elapsed_ns, one measured sample per line, ascending
11293155
11296155
11304625
11313214
11314794
11320154
11321804
11323154
11326934
11327624
11329594
11330304
11334655
11336544
11336815
11337514
11342674
11345195
11346405
11351954
11353534
11355875
11358584
11359115
11359235
11360364
11361615
11361725
11365324
11366134
11367815
11374134
11374294
11375335
11377685
11378865
11380655
11380724
11382364
11390245
11397365
11397504
11398415
11399224
11399245
11399414
11399425
11400325
11410535
11412684
11413065
11414965
11427775
11435575
11437725
11502975
11521156
11532875
11614506
11618566
