# elapsed_ns, one measured sample per line, ascending
25117160
25166811
25210271
25213052
25224462
25251451
25252441
25285862
25292331
25294662
25346722
25356772
25400633
25406022
25407692
25417532
25430022
25448533
25452463
25454063
25456343
25463493
25471703
25484823
25487463
25493603
25494963
25499123
25500173
25503333
25511072
25517563
25533853
25539613
25551963
25553173
25554683
25562713
25563714
25566853
25567684
25569853
25570953
25577924
25587684
25598443
25607044
25617704
25635363
25681004
25710554
25719874
25728204
25736474
25757224
25768525
25811445
25864135
25981526
26054336
