# elapsed_ns, one measured sample per line, ascending
24991572
25015182
25021592
25025502
25026032
25028142
25029202
25032162
25032672
25034042
25038212
25038632
25047972
25048503
25062922
25063652
25064803
25067022
25068873
25069492
25069842
25069953
25071442
25080522
25081663
25083683
25085942
25085972
25091322
25093843
25098483
25099412
25108823
25120413
25120442
25129352
25138153
25145073
25147332
25148683
25154403
25171463
25172093
25175393
25182483
25187663
25193153
25198203
25206274
25226553
25231753
25267824
25275514
25326773
25332414
25340274
25373334
25385775
25444635
25613335
