# elapsed_ns, one measured sample per line, ascending
24888149
24904539
24936519
24977069
24986539
24988119
25035410
25035950
25069200
25108580
25122740
25128030
25146090
25154121
25164750
25186861
25191301
25195520
25218880
25242151
25247561
25249361
25249800
25267611
25293141
25315801
25316611
25329922
25341382
25343141
25347552
25355011
25393952
25394231
25413222
25441442
25457702
25476032
25514842
25516392
25597743
25606592
25619263
25635433
25637243
25638923
25641523
25665653
25699173
25720043
25741474
25783894
25785704
25797054
25836034
25846744
25912544
25915805
26004715
26036185
