# elapsed_ns, one measured sample per line, ascending
1954431
1955541
1956791
1956851
1957371
1959732
1960682
1961071
1962981
1963411
1963591
1963592
1963691
1965081
1965101
1966191
1966531
1966692
1966861
1967231
1967421
1967511
1967681
1967861
1967971
1968881
1970972
1970981
1971612
1971762
1972771
1973222
1973281
1973342
1974002
1974421
1974551
1974601
1975201
1977331
1978211
1980901
1980951
1981581
1983271
1984251
1985102
1985881
1986491
1987022
1987391
1988201
1989541
1989742
1990201
1995732
1998021
2000911
2025732
2041732
