# elapsed_ns, one measured sample per line, ascending
25233791
25332902
25339482
25342602
25351012
25363793
25366962
25367572
25402702
25403682
25404002
25416623
25416682
25417413
25420902
25427672
25444442
25463203
25479203
25495743
25503803
25507053
25519973
25522433
25525503
25527723
25533663
25553003
25562023
25563473
25564933
25566533
25573064
25573073
25579543
25586944
25589173
25596734
25602213
25602403
25608694
25611664
25613134
25619583
25626803
25634904
25634963
25639863
25647694
25658964
25696724
25703174
25709234
25747995
25753565
25765784
25787004
25824825
25859365
25860874
