# elapsed_ns, one measured sample per line, ascending
10241867
10310438
10313497
10314318
10325747
10330978
10331678
10336438
10342218
10352668
10353178
10354158
10356438
10358918
10365748
10371818
10374639
10375348
10378268
10378518
10386478
10388288
10392978
10400828
10401558
10402978
10407669
10408598
10412578
10413048
10413309
10414509
10418358
10418488
10425819
10427029
10429609
10430299
10436519
10439299
10440359
10448898
10449729
10450969
10454338
10455858
10462519
10466058
10471978
10472219
10473399
10477498
10478169
10487329
10491179
10496159
10500569
10509219
10515979
10531399
