# elapsed_ns, one measured sample per line, ascending
25118460
25141241
25206201
25228701
25229622
25246051
25246921
25251591
25256801
25261191
25269751
25270451
25277981
25284542
25287441
25292221
25297982
25298591
25299022
25300611
25301961
25305872
25316972
25318451
25320991
25327341
25330431
25332541
25338131
25343361
25370682
25393382
25394222
25414602
25417653
25423162
25424222
25425792
25436292
25438252
25440712
25448242
25463172
25467282
25475842
25488422
25507403
25510923
25512412
25515393
25524252
25529363
25543893
25608672
25615133
25638484
25641323
25670893
25692313
26155996
