# elapsed_ns, one measured sample per line, ascending
1945001
1947471
1951121
1952701
1954232
1955341
1956011
1958511
1958791
1959051
1959421
1959891
1959951
1960031
1962381
1962821
1963391
1963651
1963851
1964401
1964701
1964842
1965912
1966221
1966432
1966851
1966931
1967042
1967081
1967861
1968351
1968981
1969181
1969351
1969441
1970221
1970301
1971671
1971872
1971971
1972732
1973102
1973241
1973482
1973801
1973961
1974991
1975941
1976191
1976661
1977631
1978001
1978431
1978661
1978862
1979141
1985621
2001811
2004262
2036741
