# elapsed_ns, one measured sample per line, ascending
11375645
11380865
11381045
11390875
11391215
11392384
11392555
11394605
11395755
11399135
11399645
11401405
11402704
11402765
11403265
11404225
11405455
11405534
11410554
11410594
11411024
11412145
11419195
11420985
11421045
11421455
11423075
11423544
11429385
11429945
11435535
11435875
11436044
11437775
11438045
11444005
11447265
11448015
11448415
11453925
11454605
11454955
11457115
11458305
11464785
11467015
11468355
11468665
11472135
11480496
11484446
11484835
11496085
11501015
11503185
11509255
11536956
11543115
11547116
11750427
