# elapsed_ns, one measured sample per line, ascending
10190907
10190927
10191737
10204937
10206377
10207547
10208267
10213117
10214097
10215007
10218608
10218887
10220367
10221968
10222618
10224457
10225158
10229067
10230327
10230537
10234768
10236677
10237697
10237858
10239797
10240177
10241147
10244887
10246427
10249027
10256668
10257517
10259378
10260437
10260958
10261508
10265308
10268388
10271508
10271828
10274597
10275988
10281228
10284977
10287027
10288088
10299018
10301428
10355498
10381288
10381778
10384018
10384498
10386089
10389439
10418468
10541079
10603899
10642300
10672540
