# elapsed_ns, one measured sample per line, ascending
11703247
11705526
11710326
11713336
11714907
11715237
11715556
11716087
11719747
11719796
11720326
11720347
11721246
11725517
11725896
11726817
11729747
11733456
11734886
11739697
11739986
11742987
11744507
11749766
11754747
11755247
11755737
11758937
11759837
11759976
11760057
11762997
11763927
11769937
11771177
11776857
11778276
11779247
11779317
11782267
11782397
11784497
11786167
11789977
11795877
11796107
11799797
11800107
11806097
11813307
11821067
11829257
11833107
11839518
11840488
11849878
11852508
11864067
11867058
11883877
