# elapsed_ns, one measured sample per line, ascending
10378935
10395065
10403885
10404235
10404285
10409394
10412164
10412745
10415935
10417495
10419345
10423225
10427565
10441895
10461635
10462555
10473865
10477495
10485016
10489725
10489995
10491135
10492795
10498656
10498836
10499775
10499985
10500945
10503466
10506296
10506635
10514216
10514965
10515046
10519565
10520895
10521755
10523415
10527046
10529025
10531826
10533566
10536765
10537405
10540996
10541225
10546046
10547195
10547666
10551605
10554766
10562306
10571225
10572825
10577695
10581556
10582996
10589326
10615136
10623976
