# elapsed_ns, one measured sample per line, ascending
11650067
11655976
11657356
11658976
11659266
11667446
11667496
11667837
11668306
11668686
11668856
11670056
11670816
11671077
11675596
11675617
11676026
11677887
11678466
11678657
11682147
11682176
11682936
11684636
11684786
11686217
11686886
11688856
11690736
11692576
11693936
11694566
11695327
11699986
11700896
11700996
11703326
11704116
11705967
11715406
11717037
11717126
11719107
11729016
11729087
11730757
11731077
11731217
11749507
11756337
11756947
11786066
11808177
11811617
11813657
11819777
11865477
11920328
11932928
12018058
