# elapsed_ns, one measured sample per line, ascending
25058818
25106618
25160498
25177668
25179578
25192589
25207258
25209898
25216659
25225288
25236019
25239029
25239179
25239249
25241689
25245069
25245179
25246978
25256369
25261379
25268179
25268199
25269079
25275859
25276519
25277009
25278149
25285879
25290629
25291829
25311459
25330009
25340950
25342769
25354180
25355809
25366640
25387019
25438480
25455670
25458990
25459400
25459729
25467690
25468170
25501929
25505080
25556360
25566751
25590630
25628471
25692090
25756191
25858851
25909952
25978672
26105933
26468284
26766005
27101067
