207642
174501
180691
166851
165581
4301035
180931
172151
167721
167011
173811
167241
165581
171721
165631
165791
176641
165911
164951
167471
170221
166341
3185189
182161
172321
170371
168591
167951
178191
167161
166001
165721
165571
164971
172691
164471
165971
165091
164421
164580
4199545
183761
177591
170431
169751
167481
175131
165941
167291
166001
167631
173461
166941
166231
165411
165961
164291
3175279
182881
169561
167231
166271
165301
172651
164821
165871
164821
164481
164081
171251
164541
165081
183961
225801
224731
3190069
169891
169601
165171
165671
173501
164961
164761
164161
164541
164341
171621
165431
166081
165411
165871
165061
3177219
177691
168291
166161
165261
165840
173732
166361
164640
164551
164651
164711
171471
163831
164091
169501
165421
165391
3179709
177161
168491
169221
166781
165691
173851
166111
164171
164621
165671
165691
171941
165671
164841
164261
163761
164781
3182918
176571
168272
166171
164890
165181
173312
165070
164851
165181
164941
164401
174851
166201
165061
170411
164961
165421
3184989
173581
168001
172621
163441
164881
170991
163301
163471
163241
163881
165541
172231
163801
164201
164491
163781
164011
3184248
173971
169101
165201
164421
165321
173141
164541
165081
164801
202651
164101
171011
163721
168971
164861
164381
163701
3188619
170551
170391
164221
164161
171221
165521
164361
163281
163551
165011
171901
164061
163451
163911
164251
163191
164271
3191188
170241
166051
165161
166631
171571
165981
165011
163681
163781
164861
171191
165091
164551
168831
164861
165851
3179629
182721
171041
172401
165771
164961
171861
163861
163891
164241
164991
164041
172851
164371
164081
163421
164331
163800
1535119
174272
164961
163730
172572
163420
163441
162621
163981
164191
171251
163281
163351
163751
163591
164051
171701
163681
163711
163141
163881
163481
3192129
180201
167381
165491
164031
163671
171691
163441
163301
167871
162810
163451
171651
163581
162861
165351
163911
163231
3184089
166561
162931
163351
164221
163951
172061
163461
162861
163041
163991
165381
171281
163951
163431
164151
163531
162761
3180878
165991
162911
162801
163641
164451
171421
163811
164391
169151
164181
163821
171281
163161
163061
163131
163361
162721
3178508
169601
165831
165261
164951
164291
171241
163861
163721
163461
162851
162971
171721
162911
162581
163031
163361
163371
3175229
171021
165161
164531
164790
165331
174131
164981
164231
171981
164281
163891
170651
162801
164331
164501
163831
163391
3175639
170261
164301
163621
163281
163291
170531
163321
162911
165311
165051
163821
169901
164031
163131
162970
163261
164271
164041
6213607
175421
168661
166191
166081
173281
164451
164211
163681
163431
163371
170681
163501
162511
167301
163231
163571
3179948
183381
170561
171151
165171
163891
172321
164511
164571
163861
163321
164621
173671
163711
163041
163581
163601
163631
3182639
178921
169801
166621
164381
163671
172421
164221
164511
162971
163981
163771
170951
162960
163221
169141
163681
163321
3182999
178781
169161
170391
163571
163621
171111
163461
163421
163131
163391
163291
172711
163021
162731
163201
163881
162561
3189529
180131
168661
165991
165100
163671
171191
163321
163211
162241
162951
162341
169791
162141
162281
168861
163121
162931
3187329
177871
168431
171161
165141
163921
173331
162921
164571
164191
162791
163311
171171
164151
164231
163791
162971
163070
3184819
174951
167241
165341
165521
164391
172201
163711
163311
162251
163131
162891
170111
162481
162641
167491
163311
162961
3186238
176172
168210
169101
164641
163731
171601
164221
163791
163341
165721
164141
172021
162901
162311
162711
162931
162861
3193569
175681
166691
164541
163191
166611
172451
163681
163131
163541
163151
163591
170621
162601
162421
167261
163010
162831
3204949
177881
172431
166331
165431
165691
172381
163421
164411
164081
163211
164921
171251
163471
162961
163291
162961
162851
3218309
178891
169391
165401
164611
173331
163631
164991
164951
165431
164551
170961
163511
163161
168011
163631
162391
1689670
171321
164370
171191
164261
163591
163511
163381
163241
171191
164291
164421
170961
164861
164761
170731
163411
163051
163181
163341
164091
6247397
258251
184631
170151
168721
175501
166271
165481
165731
164631
165401
172481
163881
162961
162541
164221
163521
3211349
189841
172041
166111
165041
164201
171481
165211
164671
163611
163311
163721
169811
162341
162511
167051
163961
164471
3202369
178621
172791
165801
164471
163821
172001
162750
163461
163621
163791
163661
171481
163631
163691
163721
163941
165071
3196489
175991
167711
165791
165161
173301
166021
164581
163741
163971
162801
163661
202521
162911
167581
163451
163181
3179079
186511
173031
172331
166451
166391
174061
164471
163591
164831
164340
164271
172031
163051
163621
164731
164081
163371
3184899
182161
170371
167201
165461
163781
172211
163151
164601
164081
162691
162601
170971
162771
162281
168941
164021
162571
3186678
180142
171601
170571
164120
164071
170871
164471
165441
163921
163981
163721
172221
162731
162911
163001
163311
162911
1777691
170641
171291
163631
163071
163700
162941
164261
171961
166001
164701
163541
164071
162871
169701
163631
162631
162231
161961
164131
3173969
189331
171141
166461
164911
164561
171591
163271
162731
168591
164801
165141
170871
164371
163901
162880
163101
163031
5224831
270572
179321
169681
168991
173961
166341
164121
169151
165681
164451
172461
163841
163671
163811
162871
162631
6211766
205131
171851
171941
164331
166031
172611
162551
163241
164911
164671
163291
171671
163291
162771
162251
161991
163101
3195419
169111
164411
164241
165471
165261
174631
164841
164701
164271
164511
165150
171652
163860
163931
168991
163231
164331
3189139
169301
164461
170671
164431
166221
173441
163251
163791
164561
163461
164181
172381
164111
164771
163961
163231
164231
3188668
170491
165291
164611
165391
165561
173111
165731
164941
165131
163921
163721
188451
164451
168451
165131
164651
164401
3191439
168191
170251
166441
166141
173001
166581
165571
164731
165581
165811
172581
166141
165261
164531
165101
165101
3182018
178151
168141
165451
165141
164321
172931
163951
165011
164341
164181
164351
170571
164511
163921
168551
164701
163461
3181679
176731
166881
169691
164721
164601
171581
165391
166181
164781
164001
164161
172261
166321
165401
163870
164561
163661
3189899
174701
166691
165321
166681
166801
173501
164861
165071
165391
165021
164421
172211
163531
165141
168831
164071
163661
3183419
172241
167081
170441
165631
164571
174051
165181
164721
164330
164031
164081
172581
164601
163831
164111
163711
163911
3188439
174411
167681
165241
163541
164231
174771
164851
165111
165751
165451
164831
171881
164791
164261
170141
163571
164391
3193639
174701
170861
165701
164690
164421
172901
164121
164481
164121
163711
164231
171301
164231
164481
165171
163751
164471
3183159
168561
165081
164031
165111
164621
172091
164421
164671
165301
164621
163971
172011
164041
167331
166111
164651
164450
3179409
164601
168141
164861
164251
165651
173781
164871
164921
164261
164271
164281
172851
164821
164391
164091
164511
164231
3187879
166890
164981
163871
164581
165041
172561
164631
164461
164171
165841
166031
173401
164241
168021
165011
164021
163641
3199919
166981
169481
163721
163981
171191
165601
164381
166871
167251
165801
172721
166761
165251
165261
164631
164331
3177668
171161
164201
164681
164691
164501
170091
165161
163441
163951
164911
164381
170271
164191
163471
168141
163871
163531
3172108
176072
166561
168751
164531
164251
171661
164531
163260
165011
165061
164221
171421
165651
165211
164741
165971
165191
3173539
171841
165281
164401
165131
164041
173411
163591
163721
164781
165531
165211
172511
165221
164141
170071
164391
164141
3174008
172141
165791
169741
164321
164461
173611
166891
165021
164381
165231
164751
171041
164511
163741
163771
164181
164481
3175099
172191
167111
165521
165170
164961
170341
165031
169371
166121
165021
164091
172191
164851
163911
169291
165281
164271
3175389
171871
165641
169311
164751
164951
173221
164721
165131
163731
164831
165081
171231
164471
166391
165031
163811
164081
3175208
167811
164321
165311
164781
164021
170831
164361
164351
165851
164451
166071
171351
163431
163981
168621
163661
164161
3176508
171301
166741
170591
165101
165651
172401
164141
164441
164211
163981
164071
170851
166091
165781
164351
165661
165911
3177039
169541
165741
165581
164591
164421
171461
164531
164191
164161
163981
163811
171651
163791
163861
170821
164350
163871
3176399
170811
165371
169801
164131
165591
171901
165001
164781
164511
167201
166391
172071
165741
165021
164201
164461
164901
3176528
169331
164761
164921
164871
165661
172111
163931
164811
164791
164141
164871
171041
164491
163831
169221
163721
164071
3175399
169241
166341
170571
165141
164451
171351
164851
164651
164731
164001
163671
170581
164990
164361
164421
164071
164601
3177009
172901
166391
164161
164951
164561
170851
165271
165051
164801
164931
163931
172431
164581
164541
170581
164051
165741
3177718
168651
165321
169261
164911
165471
172701
164691
164671
164031
163911
164841
171331
166441
163601
165061
164741
163801
3177089
169141
165411
164921
164251
165651
172271
164541
164471
164260
165201
164721
171061
164731
164221
168551
164511
163731
3177919
168911
165311
170531
166221
166081
171841
165081
164351
164611
165131
165031
170981
164281
163861
165911
164781
164081
3177928
169121
165061
165001
165121
164621
172741
164321
165871
164351
166001
163981
171711
164231
164751
170111
163851
163941
3176649
171001
164981
170101
164411
164901
171871
164811
164301
163820
164181
164281
171961
163991
164151
163731
163541
165171
3177259
168941
165811
165761
166131
165031
172421
166561
164171
165381
164631
164831
170711
164721
165211
168841
164511
163541
3176868
167351
164121
168971
164981
164461
171261
164431
164351
165431
164881
164841
172241
165411
164101
165621
164721
165931
3177829
170371
165311
165561
165351
165211
171191
164801
165170
164281
164141
164601
172541
165471
164491
171161
165941
164691
3177459
166471
164101
168451
165001
164691
170991
163901
163731
165301
165461
165171
172131
164601
164311
164161
163891
163790
3176389
166001
165561
164191
164561
164801
171051
163801
165311
164501
164951
164351
172341
164011
165241
170671
165141
164391
3177659
168751
165041
169020
164361
163771
170641
165421
164841
165191
164901
164591
171741
165971
164191
163891
163341
165071
3178159
169461
165321
165031
165511
164541
170871
164141
164331
163931
164851
164450
172241
164791
164991
169681
164071
164141
3176839
167671
164141
168511
163801
165161
172361
164711
164941
164391
164011
164931
171371
166061
163911
165351
166341
164341
3177168
166861
164071
165481
164861
166901
172711
165051
165011
164531
164431
164831
171311
164131
164151
170261
165311
164221
3180059
167511
164321
170181
165581
165371
172361
165491
164921
164251
165301
165201
173221
165461
165150
165091
164801
164861
3178039
168431
164961
164881
164231
164871
172181
164891
163931
164851
164081
164501
171661
164641
164621
169011
164071
165141
3176608
167691
164381
170801
164431
164651
171341
164241
164351
165491
165211
165221
171511
164571
165211
164721
164241
164741
3178529
169641
165671
167241
165381
167601
173841
164421
164751
164331
164271
165180
171561
165721
163881
168341
164841
166021
3179619
167951
166841
168851
164431
166291
173011
164421
165371
165461
164631
164801
172801
164731
164281
164591
164591
164601
3197129
166791
168011
164990
165241
164451
172391
165381
165931
165501
164091
164241
174241
164841
165171
168741
164811
164931
3179679
167651
168621
168461
165111
165101
174431
165311
165151
164571
163981
164951
173521
164671
164371
165511
164931
165021
3177928
165921
164341
164331
164571
164931
172151
163821
165941
165121
195431
165731
171941
164761
170041
165771
166051
165781
3180459
166221
170691
165821
165421
173191
165511
164941
165011
166151
164491
173421
166321
164581
165991
165821
165490
3174659
172981
165331
165371
166471
166931
172311
166441
165331
165401
166461
165171
172601
164781
164621
169881
164601
164111
3176079
170231
166850
170591
167491
165751
173711
166581
166031
165221
165171
164941
172271
164411
164421
164011
164051
165281
3177509
168951
164321
163951
164591
165451
172431
164421
164031
164501
164071
163671
170911
165611
165461
168341
164641
164451
3176638
167491
165681
168731
164451
165641
174061
164671
165271
164951
164721
165091
173721
165061
164291
163991
165181
164971
3176518
168552
167711
165240
164411
165811
172371
164811
165931
164471
165031
165811
172031
164801
164411
168771
166021
164531
3175719
169551
165581
169251
165201
165201
173111
165011
164501
164441
164111
165221
172731
165821
165671
166071
165591
165481
2200532
169491
165901
164881
165531
164951
173631
164231
164211
165011
164731
164811
172951
164971
166051
165291
165521
165091
2179703
168971
165191
166691
165961
166301
173901
164971
164761
166301
166131
165981
174071
165091
164991
170751
164361
165781
3177988
166701
164951
174021
164761
165291
172801
164241
165251
164821
165551
165191
172721
164081
165001
164911
164801
164131
3177299
166461
164741
165091
164681
165181
173041
166081
165181
164391
164501
164770
172711
164861
164661
169971
165141
164021
3180109
167651
164541
168671
165871
164901
173731
165131
165691
165121
165731
166771
174451
165271
164981
164651
165561
165901
3179768
166611
164201
165091
165501
166131
173881
165541
164401
165411
165941
165931
173141
164771
168851
165511
165541
164541
3178709
166701
169251
164701
164941
165581
171951
164291
165251
165321
165741
165481
172601
165581
165551
164871
165331
165161
3180208
166321
164211
165731
164731
164371
173731
163811
165711
163741
165221
165091
173541
164381
168781
163911
164591
163881
3179729
167501
168420
164881
164751
171661
166341
164291
164261
165021
165211
165121
172381
164391
164751
164431
164531
165091
3182199
165151
164061
165241
165551
171771
166381
165321
165251
164761
165211
163820
173282
164190
167811
164671
164841
164421
3180419
165751
170441
165461
165761
171961
167131
165751
165741
166221
165691
173811
165871
165521
165551
163881
165281
3174569
172341
165180
165081
165701
165181
172891
165061
164991
164401
165831
165461
172161
165451
165001
168841
164351
164921
