236382
228231
221611
218591
218632
216701
224601
217852
218331
216721
3245039
245231
232852
224211
229511
220122
217691
222751
217001
225762
217431
217151
216252
216451
3268919
236451
228721
223902
230951
219461
217762
218191
224781
219122
217941
217391
219011
3253599
242062
231031
224201
227872
218911
223901
219061
218522
226261
217871
217912
217161
3248319
242191
229351
224542
226281
219101
219141
218012
220521
226111
217462
215941
219471
3237239
260202
234861
227411
222721
229412
218231
225801
219582
225431
217921
218211
216922
217721
3275919
241221
229262
224441
230081
221612
219841
218551
224971
218622
217421
217621
219682
3269309
246931
234911
225932
230451
221651
225012
219701
225751
218921
218112
220091
217311
2908007
270172
234591
226481
222782
224631
230081
220172
218901
218441
225581
219162
218601
217351
218122
4280704
243042
227501
221361
229092
218021
218511
217461
226512
217471
217791
216702
218011
3251129
243541
229341
224172
230071
219761
217892
219021
217161
225471
217712
222631
218231
3240319
243732
235471
223921
227201
218912
216701
218351
218882
225521
219501
217661
216942
3228939
250831
232771
224232
221341
228531
220882
219131
218821
226051
218682
224371
219711
218771
3251709
240782
232011
223561
228612
220111
219011
217871
225842
216911
218181
217062
218521
3242419
243771
232762
225731
228021
219831
218122
217271
216341
225871
217142
221711
216301
3246739
249152
239521
227691
223052
227221
219481
218891
219602
226241
219071
219892
218431
218731
3254459
235921
226022
224951
227721
219682
217681
216921
224111
219132
219831
221291
217821
6369827
308152
266372
257331
238112
235721
227171
230692
223621
221231
221252
220421
1832731
236051
233801
221002
225111
218701
225921
217172
217611
217261
219651
225882
218211
216731
218442
4254144
230642
222781
219141
226941
218792
217701
221271
217952
225921
217821
218591
217952
216141
3249719
222221
219121
218462
226771
218171
217631
217822
224401
217461
217262
217771
216741
3240639
229741
221632
220811
227411
219761
218882
222571
218141
226262
217101
217641
217841
219202
3249859
224781
218721
218331
226032
220731
218991
217871
224062
217671
218031
216502
216221
3242469
232911
222751
218031
225332
218751
217001
221382
217101
224751
217971
218122
216721
218281
3264719
226332
222291
219231
225411
217532
218901
218491
225441
218102
217331
218431
218002
3247498
233092
222671
220611
224162
217151
221911
219361
217492
224941
218391
217652
216801
3233619
241321
225371
220912
219531
226581
216481
216112
216971
224581
218081
216622
215701
217221
3245959
230212
223451
219211
225471
216442
220671
218481
217331
224522
216441
215161
216141
3233259
242432
225151
220251
220062
226561
217831
216571
216922
225801
217471
216241
216002
215341
3247509
234681
223131
218732
225061
217981
220712
218011
216831
224601
218342
216471
215201
3228909
224311
218312
218681
216471
225211
218292
216611
216831
224171
216412
217021
215821
214891
3234759
219121
217902
217081
215911
223272
216681
221871
215921
220622
217771
215541
215681
214902
3235498
220912
216861
217071
222832
216601
216211
215351
215022
223791
216071
217031
215442
3229218
226332
218581
217331
217651
226132
216561
220491
216832
222521
215371
215381
215052
216721
3235979
221171
217391
216521
216382
224201
215261
215812
216121
222711
215281
217002
216391
216271
3236429
223501
218881
218932
223351
216751
221912
217181
216141
223221
217272
216361
216011
3227579
227801
220991
217852
217471
224591
216482
218601
215621
222571
217132
216421
216621
216261
3234689
225431
220932
217001
223881
217122
217641
220141
215661
223792
217941
217101
215871
216942
3238418
223482
220651
218041
225012
217331
216681
216171
216452
223981
217241
217052
216101
3229358
225242
218961
216631
219402
223851
216071
222511
216452
222161
215341
216132
215401
216101
3235139
223801
219651
217212
224211
216331
217021
216322
216281
223061
215192
216621
215481
215861
3236769
221751
217602
216791
224641
217171
219602
216051
216541
222982
215671
215551
215631
3228669
227011
219812
217441
216901
223381
216792
216831
216611
223901
216152
216321
214761
216612
3233588
224202
220031
218611
225481
217222
220671
217981
215651
222362
214961
215101
214172
216191
3245169
219911
216551
217921
224282
217841
216511
215791
215932
221991
214771
216122
215871
3230388
224832
219161
218341
217392
249111
218561
222122
215511
223551
216051
216462
217231
217211
3235999
222311
219952
216641
225761
216111
216502
216251
215391
227331
215302
216031
216891
3230489
225931
221692
218861
218131
225051
216912
221711
218401
223682
215831
215731
216311
216352
3232648
222192
218591
216881
223991
218262
217791
217651
216441
223702
216541
216001
217492
217111
3238519
222251
219571
218411
224522
215101
219921
214962
216031
224461
215731
216672
215831
3235499
227541
222671
219792
217561
223531
217091
216702
217621
222581
216101
216962
214921
214801
3253689
222881
218532
216801
223701
216401
220872
217911
216101
223952
214801
216091
215611
3223619
226101
221402
217291
215691
223451
215162
214391
216541
215621
223972
215451
216911
215211
3233729
223172
220411
216641
216531
223622
214841
220381
216631
221612
215581
215211
215041
216022
3233609
224301
219401
218041
225872
217481
217821
216802
216191
223831
215701
217712
215651
3229139
230331
220371
216891
216702
224011
216531
221032
216211
222671
216911
214732
215081
216721
3280259
239981
227662
222721
229761
218362
217411
217131
217282
225561
216941
217151
216192
3229398
224202
220491
217621
218011
225312
217011
221431
216272
223821
217091
215741
215762
215081
3243859
229121
221701
217882
225191
216541
217501
216172
216221
223351
217452
217001
215661
3225159
268391
232592
226231
224451
229242
217541
221501
217821
224922
215761
215921
216011
214892
3229808
220152
215861
216531
224462
217111
215031
216041
216962
223251
216631
216141
215642
216821
3236949
220781
217411
216341
224642
216291
221691
217232
216331
221841
215311
216232
215501
3234039
226621
219741
218611
225202
224501
218361
217922
215961
223781
215481
214672
214821
215751
3232969
221861
218101
218102
226321
217421
220902
218421
217311
223421
215572
215941
215261
3222479
225641
218911
217462
215771
225491
215872
216341
215451
215231
222452
216151
215091
215781
3229799
221301
218132
216171
214431
222101
218752
219871
214851
222872
215281
215041
217121
215262
3233458
222802
219351
215971
223661
218462
216531
217461
214811
222492
215691
215311
215672
216731
3294199
241401
227592
222831
227881
218691
222472
215551
225301
216142
215291
215381
214911
3234849
220061
216512
216041
223911
217741
216452
215271
215941
224272
217911
215771
215141
3227469
229281
219862
217991
216921
223461
216792
220981
215311
222702
216431
216741
216101
215212
3249918
228062
219431
219241
225762
217841
216071
216571
218382
223921
215621
215891
215302
214501
3240119
224131
218621
216682
225651
217941
224061
216632
216951
223421
215902
216961
215801
3229839
222551
218381
217032
217531
224821
216691
215692
215591
227631
217432
214981
215621
217091
3232539
220511
218122
217271
222061
217761
216062
221311
216681
222381
216502
215751
215811
214782
3233858
219812
217521
217231
224021
215732
216201
216371
215521
223682
216661
215131
216241
3231419
225742
219651
217861
218141
226332
215931
221151
215971
221842
216301
215241
216091
215242
3236619
222231
218821
216031
224622
216811
215851
216611
216672
224051
215681
216041
216272
216651
3235599
220131
218341
218162
224811
217371
222101
217042
215931
223291
216501
215412
214721
3227789
221211
218211
216212
215991
224051
216651
216462
216371
222691
216991
216672
217281
215811
3233089
224131
218352
217451
224441
217971
216182
219491
216431
223192
217541
215721
215851
220271
3235519
219322
218561
216391
224371
216052
216321
216281
215421
222592
215911
216371
215541
3227909
220681
218392
216341
215431
224502
214871
219811
215491
222102
216581
216031
216501
215722
3230278
220992
218271
216691
223792
218401
216651
216381
216152
221921
216281
216721
214562
215121
3231979
219641
216931
214731
222732
217111
220331
218362
215721
222641
215571
215951
215652
3223408
226422
220701
217721
218582
224031
215991
217521
215832
221881
216471
215082
215441
214741
3231629
221561
218191
216892
218101
224191
217261
221872
215661
223941
216062
215131
217041
217011
3237219
220331
218252
218391
224251
216031
216322
217491
216731
224462
215611
215961
216201
3230909
236411
224312
219941
218081
225832
217231
227821
216251
223452
215901
215051
215411
216252
3241998
226342
221961
218841
227912
218251
217141
217931
217122
223991
217341
218402
217451
3231939
245351
224211
220002
217911
225901
216441
222822
215851
221831
216702
216361
215821
215311
3249139
221961
218212
216921
223991
217551
217192
216301
217131
221842
215411
216701
215351
215072
3247598
221302
217611
217981
222862
217121
220831
216621
216262
222221
217091
214901
215662
3242088
218982
216721
216211
216211
223982
215781
215091
215182
222141
215611
214091
216532
216321
3234989
217021
215691
215911
221862
216111
216751
219971
215212
223471
216591
217702
216491
215451
5242830
216482
217091
217521
223802
216081
221941
217711
216952
222491
215731
216211
216002
5237210
226051
219032
218011
216111
229322
217291
220731
217101
235832
216761
216811
217201
214932
3245679
216931
215321
215291
222702
215991
216571
216021
218232
223891
216831
217071
216472
3223738
219182
216581
217041
215752
224561
216781
223621
216782
215611
223321
216671
215772
215711
3240319
218651
216951
215612
218581
224011
217731
216742
215441
223931
216121
216142
215301
216011
3230649
219161
216001
215462
224011
216531
219172
217521
216281
221431
216722
216391
216351
216851
229801
219502
227711
216881
216082
217701
216581
225721
215862
216731
216411
223081
217222
215721
216241
216502
5493871
247322
231871
232162
219901
219031
218661
217251
225352
217491
215891
216312
223181
218881
222631
217602
216601
1000816
239061
218731
218652
219151
4233355
227011
219621
218531
218972
225691
217331
222502
216621
5243940
227192
218441
218321
216921
224272
217001
215371
215962
226351
217311
220311
217592
215851
240071
215742
217731
216711
224161
216582
217281
216521
215561
222572
216181
216021
215451
214512
4231384
218561
222682
216081
223191
216842
215521
217061
216641
224812
216831
217981
217301
2275894
234611
222051
218142
224631
215951
216351
218452
216811
223961
217071
215572
215521
215951
3365880
238901
225761
230512
218301
223491
217602
217011
229541
217491
215422
216391
2282063
250012
233621
221601
227292
217141
216371
217231
216362
226691
217371
217392
214851
215961
323872
216861
216261
216942
3262359
235681
223151
218382
227181
215311
222121
218182
217291
3257629
228101
226311
218422
224731
216601
217702
216521
223841
216481
216632
215181
216201
3257969
241401
227122
220721
245692
219861
218441
218351
216902
226321
217841
221971
215782
3241548
252192
234751
222642
217821
228601
217191
218272
216971
225071
215192
216291
215411
215301
3271459
236052
224861
221741
232612
218981
219261
221311
226562
219251
223571
220462
217331
3267959
238261
232542
221791
229521
218161
217892
218431
218591
226542
216171
215281
216251
3252689
244852
226941
220121
228092
218481
216991
217221
215992
223931
216601
223311
216982
215051
3273549
236071
226082
218011
226681
216051
216972
217581
224491
216792
216541
215241
215821
3266999
237612
223291
220621
227712
216401
215591
216271
216062
224841
215061
220821
214552
3236888
252012
237621
223772
226381
218841
218191
215652
215061
223731
216712
216951
217281
216711
3245659
229191
222902
218081
226701
218002
217071
216441
215911
222982
215951
219931
214321
3258489
249052
234091
220271
229272
221221
218611
218072
217521
227641
217491
219882
217471
3230499
249981
232111
224962
220031
226201
216792
218261
217131
224991
216392
219811
216571
215432
3246538
236852
231141
223381
227382
219731
219161
217912
218071
224381
217691
216762
216151
3237929
248651
230551
225052
230941
219251
217692
218061
219551
225211
217722
221571
218151
217192
3262768
241182
228121
221221
226582
217771
216651
217612
224931
217651
217351
216422
216011
3246839
239061
227932
221451
229271
218571
218032
219451
217501
224551
216672
221221
215511
3238149
237661
232552
219811
218131
226172
216781
217461
215871
228552
218301
215461
214862
215891
3251439
232091
223601
218992
227511
218021
218981
218562
217661
224961
215532
221231
215771
3263909
238201
232172
220861
227841
218612
219551
217301
217251
225022
216941
218681
216621
3240889
247072
225581
220681
219082
227241
217081
215431
215532
1993701
257532
225741
219211
218922
217181
2253163
231401
219902
220431
226911
217891
216322
217431
216791
225351
215812
216581
217211
3271899
258482
233471
225401
231392
218791
224681
218142
217381
224961
216491
215502
217911
3245379
249881
225742
222071
221721
228761
217312
217261
219711
226822
217811
218751
218581
217442
3272349
233531
223441
219842
229901
218881
223691
218732
225741
217461
217832
217531
217051
3265499
239762
224701
222211
228991
218192
217991
219071
218741
225702
216681
216151
216002
3245038
251162
230441
224302
229981
220721
220041
223282
218841
226241
218981
219152
218051
3235199
254591
228122
221581
221751
229112
218401
216961
219351
226002
216991
222301
217451
216432
3265629
244071
228831
221732
233141
220031
223712
216891
225381
216771
217722
216311
216781
3264079
243862
225341
223281
229842
218411
217361
217111
217192
225401
215331
214911
216322
3238958
247772
226821
220052
218611
227981
216861
224342
218471
226341
215372
216051
217031
216851
3267419
236162
222031
219371
228842
219151
215431
215541
216722
224951
215791
215171
215632
3264409
251681
226941
221022
227151
218051
222462
216891
217931
226601
215912
215591
214841
3237069
255501
228692
220841
219091
229842
217681
216981
216041
225432
216861
216791
215401
214542
3274919
241981
223161
218822
230181
217811
223832
216011
214691
225421
215522
215201
215431
3254269
244861
226822
222521
229191
216682
217111
216921
216851
224522
215501
216791
216662
216361
3266919
230761
224761
219942
229431
216761
224192
219141
225761
217691
217172
217631
218061
3256239
241591
228562
222801
227651
217312
215991
214381
214841
222212
215271
215111
213461
1458449
236941
222852
219611
229201
218971
217642
216601
226121
216761
215972
