255452
229841
230291
229331
228692
3285149
254621
239732
233271
240922
229281
231841
230282
238551
229641
228792
228771
6282466
302372
262122
248871
252101
237462
234651
234412
240931
233131
238962
230851
3270929
285032
261481
242962
247771
232871
231292
230351
236631
230122
230271
228852
229201
3303929
265512
250031
252741
235982
232591
230692
231241
240371
230622
235861
228991
3288279
270752
259291
241942
249811
235302
233721
232301
240622
230181
231011
232202
1135346
261872
241461
233992
230961
240781
229052
230721
233022
238571
228821
228651
230242
8908132
355392
276221
265012
248571
253142
240571
237511
235042
242921
232992
233131
231361
7258012
309772
261592
247471
249442
236461
233381
231742
242221
230821
235312
229591
230141
3315340
268331
246442
249361
236131
233432
230821
230822
238001
229431
229562
230211
3291909
269972
251221
239791
246532
233901
230942
230091
238111
230732
237711
230171
3516031
285451
250182
256921
234722
231971
230691
239902
229361
228591
233502
239071
230602
229801
228161
228552
10366040
299681
266842
260851
239482
234881
234082
241131
232081
244342
230731
3255869
292372
264421
245962
249101
235351
234452
232171
242582
231691
233501
233002
231821
1486729
253831
236972
244691
233841
231722
231421
238271
230002
228031
228641
238962
230421
231851
228652
229751
9337544
273602
254581
254762
240051
236872
233511
243011
234662
232981
233141
231532
5390041
274972
254101
256502
240971
237551
234902
247271
232952
232891
233091
4848348
282102
272252
245331
241781
236992
245851
232062
230751
230941
238842
230041
230381
231402
7350292
290892
258761
244172
252111
232752
236791
229491
239152
230211
231872
228281
15346759
329502
265131
261332
245821
239522
238711
245831
235752
233411
233262
232381
2405224
262891
248872
252381
234232
232321
242381
240712
231691
236002
230601
7251842
317972
270441
249492
258511
236102
234351
232571
239442
234031
231192
231641
231531
13418818
286992
253181
253252
237081
233511
232582
241401
231812
231711
229681
5282251
282352
260371
242391
250282
235731
234162
232211
241821
230542
231981
230041
5313391
293322
263782
244751
249111
232422
233081
230231
240162
230031
227792
228541
8213937
327492
260282
246301
250582
234371
238151
229332
237821
229532
229121
230151
228612
6315986
278432
253531
252222
238411
233212
233251
231481
240172
230341
230911
230052
5343691
281261
253962
253001
236892
234911
232301
233442
244191
231851
229502
228991
3357280
257381
242641
245492
232071
229842
230351
229391
238952
231031
236461
231582
4239854
271382
249481
241532
245201
232991
231722
230561
242782
229781
230361
229032
228681
6351447
268231
250842
256241
237312
233031
232551
241652
232491
237402
232381
232451
6333387
265701
248942
250171
236832
238521
232021
239022
230571
229342
229501
229641
5334731
267802
251281
251342
235261
242481
231972
232201
236802
230091
229841
228662
5553762
270131
250752
258011
241762
234411
232301
240352
229341
229081
228922
238691
229271
228742
229091
5269891
287571
262442
243811
248702
234091
232211
231242
241671
231652
231591
229181
230972
9724926
265902
264641
239712
235101
231851
242162
228921
229311
229252
241821
228251
229442
230621
10113229
313261
255752
245371
237292
247751
235082
233731
232341
240772
234441
239781
231762
12834624
335142
265542
249401
242062
249281
238732
233871
234371
233502
240471
232001
237982
231671
15562920
277162
269312
243651
240561
236162
245331
233672
232131
231601
230252
244971
230441
229412
229731
8519189
295912
256342
256541
237932
234471
233071
239742
229771
229271
231022
3251068
235072
233201
230512
238151
229661
229852
228361
227931
3272379
249852
236841
233711
255882
232981
237022
229951
237251
228432
227941
228141
235712
226701
229371
228172
228471
3751802
246961
244422
232971
230441
231732
250151
230081
236052
229461
237552
228741
230021
228052
2363123
271062
250991
236572
254781
230411
229982
229931
240552
232561
230561
231552
2246803
270681
242562
235811
244941
233372
232361
230251
229232
238281
230011
231372
230281
3269429
252842
239941
233061
243092
231131
236391
229462
239161
229531
229982
228921
231992
3265969
235541
234131
231271
240752
230891
231232
231531
236551
229152
229311
229881
3260109
238492
233641
229941
231892
240581
228901
231962
229221
236441
229282
228491
229441
3252579
256172
241901
233472
239161
229631
229112
230111
230921
239132
230641
229331
229972
3252529
243121
235351
231952
237571
229781
235682
231171
236951
229492
229271
229971
230442
3257309
241041
234302
230751
237341
232152
230161
229641
237982
229951
229801
229062
3242848
248712
238491
235002
230751
238291
228442
234201
229991
236052
230001
228891
227802
3245269
243561
238191
232512
238061
229491
231062
230301
231031
236502
230571
229311
228012
3249729
239321
235351
231572
238451
230642
233711
230011
237041
228192
229501
228511
228512
3252859
239711
234022
231031
240541
230832
230371
229371
236652
230231
229181
228182
234801
3268919
239211
233122
231751
238021
229662
233391
228442
237571
228421
228311
229322
3249139
256201
238302
234351
239991
231182
229811
230751
229402
236531
228881
228612
228891
3254089
242801
234732
232541
239851
231092
234271
229201
228992
235691
229541
229342
230931
3253419
241181
234762
231941
239462
231431
229611
230312
236171
228061
229542
228591
229371
3254139
242282
233061
231551
239692
229971
233201
232212
238041
229971
228782
228581
3242079
250321
239672
233381
233201
240172
230821
229681
231512
238601
231622
232161
230401
3246539
243842
235841
233271
240532
231381
232762
229051
228421
236082
229901
230701
229392
3252219
243051
235692
233341
238812
230521
228991
229382
238541
229321
230002
228541
228661
3258900
244181
236431
229812
238201
229381
234332
229481
235652
227801
229131
228342
227861
4285555
250812
237161
234351
241862
231501
229662
229991
238551
228282
234981
229151
3269400
240141
240531
232972
240361
231802
230371
230141
236722
230841
230871
232092
231221
3253949
233692
231571
229301
237772
229391
228691
227762
237901
230012
233931
229841
228542
3249699
231291
234321
230112
238951
228412
230931
229271
235662
228181
228291
228932
228971
3246209
232052
230571
229701
237042
228931
229871
229652
236371
229641
231592
228461
3242909
235922
236601
229811
229392
238031
229832
229801
228801
237182
230031
228821
227892
3241029
234651
230011
228472
229411
238082
229381
227971
228462
235711
228131
232742
228651
3240549
235752
236231
229301
227392
238381
230091
230402
229001
236941
229112
229191
228771
3243490
234461
231471
229202
237581
229971
228542
229771
230191
236492
228281
231942
228831
3244589
234501
237372
231581
237861
230722
230591
228891
229152
236671
230202
228961
227471
3248479
232662
230471
231651
236032
229431
229162
229621
229821
236982
229631
234911
229432
2956587
249432
235421
237431
232762
237841
229772
230021
230671
230232
237721
230671
229732
230931
3270039
253242
238891
233732
241361
231621
232272
230451
237022
230221
232851
230072
4246494
266552
246632
240871
243391
232382
231111
230672
229221
237101
228232
230151
229401
3257020
248641
239561
232772
239551
229871
234972
229091
239332
231151
230151
231552
230791
3265269
245642
236571
234411
242972
233021
231682
231651
239361
232452
231531
230092
3254739
253521
241502
233841
241301
231482
234721
229011
231322
241331
230492
230701
230421
3254849
247512
238231
233762
240111
231251
229922
229611
238792
229271
229341
229332
229351
3261369
273142
235391
234271
238722
230911
234832
229491
240041
231342
230281
229271
3247740
250601
240611
235802
240601
230382
230251
231961
231872
239751
229002
229791
229291
3252919
248722
237661
233542
240811
233131
235242
229581
238782
229601
230201
230662
229951
3262139
245742
237211
234121
238902
230141
230221
229802
236711
229522
230291
229601
3246289
255452
242121
236892
241381
231691
237622
231641
231602
241881
233591
233322
230411
3252889
250692
241491
236062
240691
235621
231482
229491
238721
229562
229141
228872
229321
2780636
242412
243591
232761
232242
231071
240372
231061
237381
229762
237001
227781
229332
229421
3273349
307342
246322
241211
244271
234122
235631
233582
239791
231271
231062
231311
230992
3247789
231811
230541
230332
236101
229411
234582
229621
238321
229522
230351
230002
3240479
232241
228821
228362
229001
236091
229742
228221
228642
234571
228311
228672
229481
2597975
237152
232971
1257057
231472
235931
229681
237552
229511
228592
229951
227441
236632
228501
229491
228502
3246949
236881
233352
230941
237141
230032
229731
228081
230882
237521
228161
232142
228751
3247469
236082
239001
232221
237732
229961
228122
227601
234801
229252
227161
228371
227302
3247109
235861
231191
230182
236511
228482
229041
228791
236702
228331
233261
230592
227911
3243649
232582
233781
229011
236512
229001
230881
229992
236281
229371
229362
228891
229372
2957337
250751
232692
231641
230341
237502
228831
228382
229671
236051
229802
233431
231751
230552
4267945
253411
240712
233481
241952
231761
231251
230042
237731
228561
228432
228731
3246719
256182
244771
239032
240571
233011
236792
230581
230701
238292
230651
230741
228792
3252559
247362
238671
235371
239132
230511
229481
229132
239641
229841
231412
230191
229802
3277339
251621
242242
237801
242792
231411
236431
230802
237201
230461
231592
229421
3252269
255222
241551
235332
240771
230591
232152
228891
229461
238152
230501
231262
230041
3267919
253272
241741
234791
240202
231401
236672
231211
238381
230722
228541
229781
3247390
257201
244271
236542
239081
233942
233281
229331
230072
237061
229941
228792
228361
3254699
254502
241821
235292
241291
231651
234552
230071
236582
230861
229371
229062
230051
3263889
248402
239091
234671
239272
230781
230571
230532
237691
230472
230381
229341
3246559
266972
245161
239092
241461
231672
236361
232541
231132
237251
229861
230272
230361
3271049
260152
246151
239492
242131
233192
231881
231821
237612
231191
230331
231262
3586441
335032
257231
250332
239301
240012
233361
242341
232042
232561
233112
239291
233301
231482
231381
3248519
242322
247711
232211
239512
231811
229632
231471
231351
239002
229481
236042
230051
3258219
259062
250361
237471
241442
230341
231982
230401
238331
230262
231151
229601
228652
3266489
253621
242762
237241
242852
231071
229461
230082
237291
229981
237772
229481
3250479
257872
247451
237622
240391
233102
232341
229701
230182
237811
230101
230472
229901
3264539
256342
243951
238252
240421
233731
231402
229731
236411
229602
233291
229812
3241049
260691
250192
238011
241752
231221
230411
229092
230181
238971
229872
229061
230221
3254630
256961
243391
236672
241391
232382
230371
231241
236382
229881
233601
230122
228941
5266391
254822
242521
236922
241281
232101
231162
230681
238231
230402
234861
230171
3246770
251961
245831
235622
239671
231652
230491
230151
230042
238461
228401
231772
229691
2599496
245741
237301
240612
232111
229141
229322
235041
231522
230611
229011
236122
228031
234141
227532
228781
3268269
252342
236321
233472
240191
229131
229232
230531
235791
229802
231091
229871
4303826
264321
245552
236321
243112
231471
235801
229492
237531
230011
231022
231811
230932
4289645
241221
232712
230701
238901
230262
228401
229651
237322
230521
234752
229851
3245079
234271
236592
229571
235661
228502
228361
228291
228822
237711
228132
227871
227901
3242109
230562
229411
227911
235352
229981
228621
228912
228721
237362
228301
234261
229022
3246409
234211
233771
228272
234801
228032
229111
229211
228142
234331
227241
227442
226561
3243099
234001
233712
228921
234991
228791
227901
228962
230041
235971
228042
232711
228381
3247169
229402
233181
228401
236552
229081
229642
227961
228991
235382
228391
228121
227872
3271799
247091
238172
234811
240552
231241
230731
232052
239191
229571
234592
229081
229392
3260179
240801
233732
229651
239261
229922
230921
230781
238412
230331
228741
228352
3246389
246111
238132
232561
238482
231171
230831
230012
230061
238151
229842
233941
228871
3254250
246931
242641
232472
238221
230112
229141
228501
235722
228171
226981
228692
229541
3254339
240942
234501
231471
238772
229301
229161
229642
236271
229772
235511
228611
228312
3281939
245101
235262
231541
235781
230612
229911
229292
236321
228671
229402
230151
3250089
246262
236951
231891
237692
231341
231121
229232
229551
237081
229481
233871
227222
3251119
244811
240772
231841
236941
230532
228531
228601
229522
235911
227892
229031
228531
3254409
240612
235111
231461
238972
229501
228552
226921
237081
228572
232541
229581
228802
3247689
233531
233172
228651
236101
228732
227911
229011
236652
229091
228421
228532
228441
3248739
233512
230151
229791
236922
228611
228681
228432
236751
229602
232191
228241
227802
3248629
238411
231591
231152
236681
227362
226941
229171
235342
227881
228291
228532
3238159
239971
232211
229432
229471
237282
228661
226541
228112
236761
228041
233642
228281
3238799
237921
237182
230061
230072
236711
228491
228802
227841
235021
229332
227701
227241
3238260
237261
232651
230112
228921
235731
227142
232441
227521
234292
227261
230371
228092
3238589
237931
236902
231791
236381
228252
228261
227831
227672
235671
229111
228102
226751
3240999
235072
232241
229921
234652
229081
229331
227462
228991
236201
228702
233601
228092
3244509
236481
233831
229372
236961
228881
228422
228361
229532
235551
228211
227632
227821
3246099
235071
232012
229301
236891
229672
230521
229292
226661
234941
228012
233171
228221
3243409
237632
236531
230212
237011
229161
229222
227621
229291
238462
228211
227631
227982
3243669
235621
231712
228671
237071
228182
226651
228831
234722
228111
229141
234162
228421
3259309
239342
238361
231972
236221
230231
229762
231631
235401
227812
227861
227541
228062
3250739
236461
231542
231101
237091
231722
228271
229521
235382
229491
232062
227861
3235439
240391
236172
231411
229111
236302
228811
231092
228271
236271
227732
228331
227861
3240139
237742
233631
233242
230531
239411
229952
228211
229071
237792
230211
234101
228482
3238989
236051
235312
230911
229861
235772
229871
227781
229182
238741
229051
228482
228421
3243709
237132
232831
229761
241902
228441
227151
228692
229201
237082
227861
232911
228622
3243509
236971
236982
232031
237181
229162
228041
227671
228012
234381
228451
229112
229131
3244059
236772
232791
230471
237542
228961
230501
229782
