81990
77141
75850
75701
75580
85351
76220
75391
75470
75421
75930
75750
75751
75120
75721
75830
76421
75310
3089288
78620
76471
75760
76561
76020
76081
75950
75280
76121
75180
75881
76090
82871
75980
75581
75090
75220
75081
75280
75511
74990
75201
76580
75771
75710
82740
75361
75660
75231
75390
75301
79060
75121
75450
75980
75541
75010
75541
3091298
79020
75651
75420
75940
75401
78930
75381
75340
75441
75470
75331
75350
82910
76451
75400
75261
75430
75691
75560
75561
75460
75250
75461
76040
75291
82270
75781
75550
76061
75670
75810
75351
75840
75321
75320
75291
75210
75131
3084707
79021
76240
75311
75300
75591
75430
75320
75271
75690
75411
75250
75411
82310
76381
75150
75380
75711
75900
75561
75590
75271
75420
75601
75800
75390
82751
76380
75111
74960
75211
75170
75141
78820
75580
75211
74940
75531
76300
75091
3090507
77661
76180
75511
75400
75471
80970
75371
76250
75751
75420
75420
76361
83380
75741
75180
75781
75540
75331
75330
75220
75271
75560
75361
75560
75281
83070
75961
75890
75620
76381
75720
75471
75170
75821
75730
75451
75560
75680
3092228
77861
75760
76001
75560
75540
75881
75800
76531
75590
75211
75610
75331
83230
76040
75641
75980
75551
75530
75981
75180
75481
75470
75970
76681
75750
83131
75710
75321
75820
75531
75600
79531
75850
76440
76131
75260
75851
75920
3094828
79161
76080
75810
75781
75480
79621
75740
76021
75410
75691
75920
76460
83091
76280
75911
75520
75851
75590
76481
76680
76030
76411
75740
75861
75740
85031
76110
75791
76720
75620
76111
75480
76421
75050
76211
75560
75811
75760
3089808
77570
75901
76040
75521
75750
75441
76260
75310
75621
75580
75771
75580
83311
76170
75541
76270
75700
75171
76380
75741
75880
75501
75580
76051
75600
82880
75611
75140
76011
75660
75531
82000
75841
75810
75240
75591
75360
76091
3088768
78350
76231
75970
75820
76191
80210
76161
75690
75621
75630
75301
75870
83230
75981
75200
75551
75590
75391
75190
76141
75660
75320
75491
75580
75551
83550
76631
75490
75251
75780
75390
75851
75580
75251
75690
75411
75220
75651
3091188
78580
75920
75761
75610
76341
75710
75561
75120
75020
75231
75530
75421
82910
75551
75660
75601
75260
75540
75511
75400
75511
75650
75351
75640
75980
82121
75500
75481
75450
75611
75370
81581
76170
74971
75000
75190
75301
75410
3086798
79731
76010
75901
75410
75540
79751
75600
75501
75500
75051
75400
75660
82271
76020
75491
75430
75741
76290
75301
75340
75920
75761
75540
75071
75000
82611
76140
75241
75630
75360
75791
75630
75191
75380
75421
75230
75561
75750
76400
3091158
76661
77610
76501
75840
76001
76100
75680
76021
76540
76001
76210
82841
76760
75311
75760
75700
75741
75450
75331
75670
75461
75410
76091
75960
75100
83461
75770
75671
75740
75451
75520
80471
76390
75210
75681
75830
75721
75370
3089738
77021
75570
75410
75561
75520
79301
75220
75161
75520
75661
75250
75270
81911
76590
75891
75930
75371
75570
75761
75080
75220
76501
75150
75621
75830
83651
75880
75991
76240
75630
76361
75500
75491
75340
75691
75410
75690
75551
3090218
77330
75481
75610
75951
75410
75381
75610
75700
75511
75450
76231
75480
83151
75620
75401
75720
75490
75421
75880
75231
75210
75571
75390
75670
75031
82210
76071
75610
75571
75640
75891
80180
76410
75271
75520
75321
75480
75641
3095168
80640
76621
75990
75411
75430
80910
75121
75470
75991
75270
75661
75540
83141
75490
75290
75301
75370
75231
75460
75201
75410
75260
75851
75280
75171
83650
75611
75170
75240
74931
75470
75341
75590
75491
75380
75631
76080
76070
1102177
78240
75441
74870
75311
75820
80591
75840
75530
75841
75640
75351
75210
83041
75820
75471
75690
75500
75581
76130
75651
75140
75691
75900
75641
75470
2098122
80881
76590
76010
75811
76060
80561
76050
75621
75300
75321
75450
75540
83261
75370
75021
75290
75751
75970
75291
75290
75110
75201
74860
75081
75230
83241
75780
75581
76010
75460
75431
75650
75731
75480
75631
76150
75810
75721
3095898
82170
76731
76750
76151
76310
75411
75390
75400
75611
75560
75201
75260
83651
75580
75641
74980
75300
75781
75750
75651
75640
75311
76440
75691
75810
83020
76331
75640
75771
75690
75141
87380
75831
75870
75990
75911
75990
75811
3096968
78980
75881
74710
76141
75230
79630
75491
75610
75411
75460
76101
76570
83141
75660
75790
76021
75340
75261
76000
75761
76070
75621
75510
75770
75481
83230
75741
75510
75501
75470
75711
75920
75710
75231
75830
75971
76340
75791
3091158
78750
75741
76650
76030
75701
75700
75581
75480
76221
75420
75410
75471
83230
76801
75400
75161
75520
76070
75591
76020
75731
75660
75671
75460
75501
82240
75761
75320
75490
75741
75850
78871
76180
75101
75250
75350
75671
75730
3096828
81641
76780
75911
75570
75441
80480
75760
76191
75230
75671
76120
75481
83780
76581
75640
75600
75581
75420
75861
75290
75321
76230
75121
75560
75590
83331
76100
75371
75450
75911
76020
75401
75070
75150
75211
75370
75931
75480
3091278
81781
77060
75781
76590
75810
75791
75350
75871
75330
75561
75710
75570
83991
76560
75551
75130
75811
75620
75921
75710
75420
75311
75590
75461
75730
82721
76050
75931
75670
75830
76041
80080
75791
76030
76261
75860
76161
75880
958316
79060
82981
75960
75510
75741
76280
75881
75660
75391
75530
75851
75780
75890
76191
3094658
80130
76361
75710
76021
75910
75730
76611
76070
75791
76520
76311
75860
84221
76040
75640
75651
75600
75581
76000
76181
75860
75221
75100
75100
75911
3127088
82221
77090
76240
75521
75990
76231
75490
75231
75010
75120
75521
82870
75901
75210
75791
75070
75371
81490
76430
75641
75520
75141
75540
75501
82470
75631
74890
75740
74911
75720
75031
75340
75361
75040
74861
75660
75970
3086358
80241
75730
75511
75070
75581
75270
75260
74851
75620
76081
75060
75541
82780
76510
75511
75330
75091
75900
75671
75340
75231
75600
75240
75391
75830
75801
83730
75501
75310
75281
75990
75200
75241
75270
75511
75680
75321
75210
74911
3089528
76740
74900
75211
74980
75461
75030
75320
75821
75200
75351
75470
75321
82650
75361
75200
75400
75181
74980
80001
75530
75601
75500
75271
75560
75650
82411
75620
75691
75390
75261
75240
75361
75690
75640
75621
75660
75121
75260
3091038
77471
75590
75531
76100
75250
75651
75150
75481
75820
75681
75590
75631
83140
75790
76401
75290
75391
75570
75671
75450
74840
74941
75330
76161
75450
82021
76380
75740
75571
75510
75571
75110
75261
75300
75091
75140
74890
74921
3085228
78660
74981
75240
75171
75340
75171
75260
75390
75491
75350
75271
75270
82401
76060
75600
75301
75270
75011
75280
79221
74980
75570
74931
75330
75481
75210
82621
74870
75021
75620
75160
75281
74790
75301
74890
75021
75530
75371
75210
3089278
76540
74861
75350
75501
75570
75401
75540
75060
74961
75870
76141
75450
82341
77300
75431
75980
75340
75011
75130
75191
75600
75491
75110
75020
75431
82830
75681
75220
75041
75200
75261
75510
74910
75291
75100
75221
75710
75141
2137982
78031
75080
74830
75161
75180
75521
75430
75591
76180
75180
75971
82330
75991
75340
76491
75960
75091
75760
75160
75741
75190
74961
74730
75251
75810
81931
75270
75160
74821
75080
75191
78790
75361
75050
75560
75151
75310
75371
4091474
77630
75530
75271
75790
75821
75190
75931
74940
75591
76120
75720
75641
82430
75611
75230
75361
75170
75891
76190
75150
75291
75390
75691
75260
75411
82980
76341
75190
75560
75201
76140
75321
75660
75351
75750
75140
75471
75540
6091886
80910
76331
76500
75760
75731
76400
75711
75670
76181
75840
75921
77350
83430
76331
75650
75821
75440
75371
75620
75531
75100
76010
77011
75840
75771
94600
76401
75710
75701
75950
76231
79920
76690
76091
76250
76811
76200
76051
83470
75831
75720
76300
76121
75790
75721
75820
75501
75420
75661
75850
75660
83911
75940
75591
75260
75961
75440
75521
75720
75900
75701
75930
75721
75620
3089518
78621
75980
75680
76061
75720
76331
75790
76161
75970
75721
75880
76120
83531
75920
75601
75710
75921
75780
76471
76970
76190
75931
77210
76071
75820
83741
76750
76231
76770
75981
75860
81080
76291
75860
76231
76040
75681
75380
3091398
77680
75751
75650
76771
76420
79901
75720
76241
75580
75660
75451
75780
82861
75770
75981
75710
75751
75920
76600
77181
75530
76051
76330
76651
75700
83531
76420
75930
76351
75930
76001
76280
75931
76140
76361
75780
75710
76081
3088518
77640
76041
76160
75531
76600
75490
75431
75960
75521
75520
75491
75570
83391
75830
76010
75771
76010
76031
76270
75921
75640
76031
75980
76120
75631
83440
75751
75200
75471
75960
75421
78650
76840
75621
75770
76601
76100
75781
3091418
80040
76150
75311
75660
75041
78920
75491
75120
75221
75220
75740
75501
83690
75761
74940
75691
75340
75161
75850
75240
75891
75320
75391
75510
74841
83140
75521
75230
75000
75491
77990
76091
74850
75431
75360
75561
75430
75550
2944977
81851
85440
75821
75140
75461
75200
75261
75330
75030
75581
75540
75221
75290
77001
84350
76001
75210
74891
75300
75700
76371
75070
75311
74940
75191
74980
75080
238922
78850
76151
74830
80651
75920
75941
76620
75370
75821
76300
83521
75800
75461
75330
75421
75580
75110
75521
75170
75181
75060
75441
75350
7097831
99351
81820
76541
75510
75201
75080
74570
75311
75410
75821
75060
75471
83480
75101
75370
75000
75261
74860
75101
75280
75991
74790
74920
75021
74780
83331
75350
74701
74620
75101
75090
75030
75111
74900
75231
74380
74931
75040
130981
76970
74711
75170
74651
74890
79661
74620
74560
75211
74730
75121
74660
83031
75160
74870
74291
74690
75051
74420
74651
74370
74851
74900
74500
74511
82800
74831
74660
74881
74950
75100
75581
75490
75101
74880
74771
74860
76141
1656369
88901
78250
75510
75671
74800
92291
75930
75101
74700
75531
75820
75261
74870
74940
74941
75020
74911
75000
4092944
76580
75271
74690
74821
74540
74700
74521
74080
74951
74740
75071
75050
83221
75490
74260
75051
74630
75641
74450
74511
74920
74971
74940
74800
74801
6090895
78721
74930
74561
75100
75120
74381
74850
75021
74360
74481
74410
74190
85721
75640
74721
75120
74401
75590
74271
74480
74230
74151
74100
74541
74700
119891
75540
74131
73930
74471
74790
78810
75621
74880
74281
74070
75601
74360
97021
75250
73881
74250
74110
74881
74580
73961
74760
74200
74271
75170
74971
81520
74611
74530
74341
74500
74420
74161
74910
74261
74600
74051
74520
74670
81891
74830
74381
74230
75061
75290
74961
74070
74490
74541
74510
75031
74830
74331
3088218
76570
74440
74571
75110
74771
74760
74531
74750
74500
74191
74920
74521
84980
75251
74370
74921
74320
74950
78991
75150
75831
75300
74831
74820
74250
85351
74900
74641
74620
74611
74870
74691
74640
74650
74351
74400
74311
74340
2088942
88911
78430
75551
75490
75321
79640
75740
75161
75080
75151
75380
75721
82770
75791
74630
74990
75211
75120
75071
75700
75831
75450
74621
75040
74920
81841
76100
76261
75150
74971
74870
75270
75171
75260
75141
75150
75811
75400
75430
3147349
82670
77011
75670
75201
74610
74871
74930
74710
74551
75100
75481
84780
74861
74840
74720
74621
74800
75071
74330
74271
74610
74611
74850
74770
82771
75290
74961
74820
75081
74770
79980
76281
75140
74881
75210
74481
74980
2603595
96481
81670
76961
75500
75361
86830
76461
75890
76860
75641
75560
82051
75210
75001
75260
75261
75370
75330
84461
75280
75071
75310
75091
75220
76351
75450
74960
75281
75440
75421
75430
82351
74970
74840
75051
74910
75051
75100
75251
75670
75450
74661
75370
75491
3091428
97690
81341
77000
75461
75270
75421
75580
75710
75141
75060
74791
74840
83431
76020
74671
75390
75170
74851
75190
76281
74650
74741
74820
75251
75290
83450
76421
75280
74661
74780
75541
79400
75611
75550
75680
75251
74850
74631
3089648
89930
78831
75840
75070
74821
79190
76021
75170
75171
74790
74931
75150
83200
75741
75340
74861
75400
75291
75210
75421
75380
74850
75421
75340
74791
82780
75661
74760
74831
74900
75020
74761
74570
75051
75560
74631
74550
75950
74781
1798480
78251
75860
83711
75570
74581
75130
74880
75011
74930
74731
75370
75271
74880
75500
75031
2144802
95261
81220
76591
75530
80661
76000
75791
74950
75781
74960
75090
88601
76520
74901
75250
74801
74890
74910
74761
74490
74981
74740
74961
75320
2097532
97151
80610
75731
75570
75971
82540
75951
75400
76180
74771
75100
75451
105210
75631
74940
75081
75050
75601
75110
75270
75021
74940
75381
74820
75351
83930
75181
74960
75430
74871
74910
75101
75380
75091
74710
75030
74731
75580
3107358
91981
79910
76631
75100
75031
75800
75431
75400
75430
76101
75750
83601
76700
74901
74860
75811
75120
74950
74961
74620
75351
75470
74861
