59830
53070
52161
52130
51980
52211
52110
52060
51860
51871
52140
51760
52111
51750
52060
51961
51990
51870
52280
51901
3091258
59660
54451
53290
52170
52511
52330
52310
51980
52221
52280
52170
52101
52290
52110
52091
52190
52090
60781
52340
52080
51810
51991
52160
51880
52351
52190
52160
52501
52170
51960
52261
52430
52260
52021
51890
52130
59341
52090
52180
52030
52031
51910
52360
52171
52090
52080
52401
52410
52040
52130
52211
52170
52270
52361
52380
59170
52511
52390
52090
52071
52450
52620
52131
52600
56720
52031
52250
51850
52200
52021
52070
52110
52181
52370
3092988
62021
54970
53680
53121
52420
52460
53070
58001
52400
52460
52581
52070
52040
52091
52070
52360
51991
61880
52580
51720
51771
52090
52090
51931
52320
52230
52331
52510
52140
52441
52380
52170
52100
53291
53290
60330
53211
52450
52250
52221
52510
52050
52291
52370
52270
52781
52560
52360
52100
52391
52280
52340
51911
52290
1464839
72990
55520
52981
52890
52040
52201
51820
52070
52370
52081
61610
52560
51701
52210
52300
52121
51980
52080
52091
52550
52030
52201
52220
51930
52041
52310
51880
52170
51971
3078838
67810
55721
53030
52480
51991
52110
52040
52220
51831
52190
52020
52021
52200
52000
52201
52040
52340
60691
52680
52470
52210
52051
52080
52410
52221
52320
52190
52101
52080
51790
52110
52201
52260
52230
52161
52040
59230
52561
52440
51950
52001
51950
52050
52211
52010
52030
52240
51961
52470
52330
52321
52400
52420
52181
52230
3074598
74240
58581
53800
52320
52431
52190
51880
51681
51950
51640
51721
51590
51990
51550
51661
51950
52110
51691
60380
52340
51481
51610
51870
51851
51770
51780
52141
56830
51940
51880
51971
51640
51880
51931
51910
51970
52651
59770
52180
51791
51550
51660
51831
51580
52120
52140
51961
51590
52000
51961
51940
52020
52401
51970
52000
52050
3097999
64630
55700
53461
53260
52600
52561
52640
52260
52611
52350
52460
52420
52531
52670
52560
52511
52730
61810
52541
52720
52480
52371
52060
52120
52351
52150
52160
52100
52581
52610
52170
52321
52350
52380
52351
52310
59960
52661
52620
52890
52151
52280
52320
52230
52591
52190
52030
52231
52130
52290
52241
52190
52010
52091
3071168
76460
59670
55001
52890
52940
53541
52400
52060
52021
51840
51850
52000
52251
52270
51850
51631
51870
52040
63071
52330
51790
52301
51970
52020
51991
51810
56520
52440
52141
51660
52020
51681
52060
52020
51721
52240
59060
52141
51990
52130
51871
51880
51820
51620
52321
52260
52340
52361
51790
51670
52021
51820
51880
52180
51791
51890
5748324
64800
56381
54080
53080
69361
53690
53050
52561
52560
52670
52181
52350
52220
57771
52050
52210
52280
52181
52100
52120
51981
52330
51960
61371
52590
52770
52171
52220
52330
52331
52010
52320
52330
52021
52170
52190
52051
51990
52400
52491
52350
52320
60191
52350
52240
52070
52151
52630
52290
51971
52150
52330
52391
52260
52440
52251
52340
52280
52190
52231
52300
4098514
62661
55660
53900
52911
52470
53140
52620
52261
52450
52470
52081
52490
52180
52171
51870
52320
51961
62240
52130
52130
52081
52170
52530
52381
52080
57220
52801
52360
52100
52101
52140
52090
52290
51971
52230
62700
53061
52250
52330
52171
52170
52120
52011
52130
52510
52341
52250
52210
52511
52160
52000
52320
51851
52110
5076270
74560
60191
54530
53230
52901
52470
52390
52471
52620
52270
53130
53461
52830
52840
52401
52070
52580
66371
52890
52840
52121
51900
52250
52581
52060
52040
57271
52520
52350
52400
52131
52050
52390
52061
52040
52320
60021
52330
52380
52191
52150
52190
52241
51950
52100
52200
52011
51910
51980
52001
51980
52210
51881
51940
52000
3925213
69621
73560
54710
53271
53060
52530
52701
52600
52750
52481
52540
52990
52631
52620
52490
52540
52871
52700
52540
53061
62140
53100
52431
52770
52740
52531
52620
52670
52581
52440
52340
52551
52170
52240
51960
52191
52650
52240
61671
53020
52840
52211
52120
52130
52311
52750
52590
57201
52900
52580
52240
52391
52390
52250
52141
52120
52200
6105586
74681
59820
55470
54311
53530
52750
52651
52900
52660
52740
52671
52380
52310
52491
52250
52620
52331
61980
52730
52171
52470
52190
52321
52390
51940
56591
52670
52090
52310
52061
52100
52030
52011
52000
52170
59501
52700
51950
52011
51980
52220
52101
52310
52180
51980
52251
52070
52240
51781
51980
51990
52071
51850
51880
52150
8166729
62920
56370
53731
53370
52820
52470
52701
52630
52720
53951
53860
52750
52301
52490
52460
63211
52840
52350
52381
52390
52540
52261
52150
52520
52260
52311
52370
52360
52371
52290
52290
52921
52290
52600
60561
52660
52450
52051
52410
52570
52360
52221
52560
56760
52181
52150
52030
52261
52350
52220
52381
52280
52270
10077919
67461
57840
54270
53191
53490
53320
53151
53080
52640
52691
52860
52600
52231
52260
52730
52271
52390
61440
52811
52440
52360
52880
52441
52490
52560
52271
58140
52620
52171
52180
52600
52291
52330
52370
52430
52431
60300
52730
52251
52460
52270
52441
52550
52420
52251
52320
52240
52431
52270
52170
52951
52490
52510
52180
8657311
80961
61620
56541
54130
52540
52350
68191
53120
52541
52100
52310
52420
52511
52160
52170
52011
52380
52180
51991
52390
52140
51910
51901
52070
52370
60811
52680
52110
52161
52330
52130
52121
52260
52540
57231
52250
52130
52140
52441
52060
51910
52361
52440
52320
58841
52500
52310
52291
52050
52440
52190
51991
52130
52420
52101
52370
52400
52311
52130
52340
52351
52180
52420
3073038
57931
53980
52960
52401
52340
52210
52580
52071
52120
52270
52171
52120
52360
52471
52320
52670
52301
59240
52740
52080
52031
51900
52140
52171
52140
52360
52651
52440
52630
52461
52210
52260
52040
52051
52070
52190
58831
52610
52450
52141
52160
51950
52081
52130
52190
52071
52450
52030
51940
52141
51950
51910
52001
51830
51980
6066886
75350
59341
54530
53030
52471
52260
52250
52681
52450
52830
53301
52560
52310
52260
52151
52190
52030
52091
60090
52420
52431
52120
51790
51891
51920
52380
52201
51860
52080
52040
51941
51820
52020
52031
52350
52490
52311
58220
52130
51971
52000
52310
52081
52240
51910
51760
56571
52310
52070
52101
51950
51910
52021
52170
51900
52151
3101498
60200
53910
52311
51680
52510
52441
52170
57250
52141
52220
52230
52520
51981
51950
52230
52331
52150
59330
51941
52210
52000
52091
51990
51880
51911
52060
52290
51920
52061
51770
51960
51841
51840
51930
51721
51910
95341
52500
52040
51880
51951
52110
51980
51751
51840
51880
51701
51660
51990
51820
51901
51990
52000
51771
3075258
65990
55650
53391
52580
52140
52101
52250
52000
52321
52520
51900
52441
52210
52190
51920
51961
52210
59800
52371
52170
52220
52131
52110
52260
52291
52350
51960
51981
51810
51890
51860
51941
52060
51950
52051
52360
58680
52631
52480
52030
52131
51990
52040
52370
52051
56660
52440
52061
51990
52190
52161
52010
52180
52071
51790
3065558
57810
53351
52330
52390
52230
52401
52080
52060
56601
52540
52260
52401
52470
52120
52081
52350
52120
52231
59090
52140
52071
51800
52030
52030
52081
52100
51930
52041
52400
52100
52031
52120
52030
52160
52431
52170
52010
91481
53240
51881
51980
52240
51990
52381
52140
52150
52141
52150
52100
52271
52190
51960
51931
52010
52080
3062628
60660
53721
52590
52460
52231
52290
52100
52101
52110
52730
52251
52560
52540
52251
52120
52560
52071
51940
59650
52580
52121
52030
52040
51881
52150
51910
51971
51950
52050
52271
52500
51980
51920
52151
51980
52090
52071
58560
52400
52241
52060
52190
52301
52370
52170
52290
55401
52170
51930
52071
52260
52100
51961
52160
52060
52490
3067039
60610
54060
53031
52620
51900
51820
52191
51990
56020
52021
51730
51960
52041
51910
52240
51801
52130
52080
58841
52290
52090
51740
51981
52100
51900
51951
52140
51750
51971
51630
51910
51861
51930
51910
51790
52071
52060
58780
52151
51780
51740
51741
51880
52060
51780
51831
52150
51840
51981
51790
51880
51951
51940
51920
52371
51920
3067858
58500
53561
52730
52160
51861
52040
51810
51850
51881
51780
52020
51901
52450
51820
51961
52040
51830
51931
59600
52260
51910
52251
51960
52040
51921
51990
52020
51891
51910
51790
52011
51860
51850
51980
51961
51850
52140
58251
52390
52170
51971
51930
51820
51871
51850
52180
54410
52351
51880
51840
51761
51750
51910
52021
52020
52250
3067918
58141
53970
52940
52701
52520
52410
52061
54270
52510
52360
52121
52170
51840
52151
52300
52190
51931
51790
60330
52371
51830
52270
52350
52181
51990
51860
51631
51940
51720
51861
51880
52250
51900
51811
52220
52320
52261
59240
52560
52271
52170
51920
51781
51710
52050
52161
52070
51970
51980
52021
52000
52170
51991
51640
51930
51981
3066398
57260
53620
52651
52280
52330
52001
52190
52210
52070
52141
52150
52180
52221
52260
52070
51901
52220
58590
52481
52230
51890
51870
52001
51820
52000
52061
52010
52100
51911
52200
52110
52160
52111
52160
52120
52081
52330
59080
51921
52560
52080
52351
52160
52150
52001
54650
52650
52150
52261
52280
52190
51821
52020
52070
52011
3060268
61390
54260
52721
52350
52050
52271
52350
52130
54991
52240
52000
51920
51861
52110
51810
51921
52390
52570
59291
52310
51910
51771
52000
52400
51980
52351
51710
51920
52001
52020
52020
51991
51980
52030
52181
52080
52120
59501
52450
52110
52020
52121
51800
51840
51901
51910
52060
51841
52000
52060
52201
51920
52120
51810
51881
51860
3063138
59460
53831
52780
52170
52301
52180
52350
52241
51850
52100
52290
51991
51770
52010
51921
52090
52080
52101
59440
52170
52281
51920
52020
51830
51911
52190
52160
51881
52100
51760
51861
51830
51890
51791
51950
51980
52071
58160
52270
52220
52031
51810
52050
52261
52130
52030
55251
52420
52790
52481
52110
52360
52190
52131
52240
52310
3065328
58261
54020
52480
52431
52140
52380
52061
52410
54590
51930
51991
52060
52010
52081
52120
51910
51951
52230
58960
52331
52080
51940
51961
51780
51850
52220
52051
52200
52240
52211
51750
52120
51991
52120
51890
51931
52030
58310
52371
52130
51770
52150
51901
52350
52190
52211
52460
52350
52131
52590
52090
51960
51951
51950
51970
52151
3066438
58820
54210
52961
52260
52140
51971
51800
51930
51941
52070
52370
52231
51850
52170
51910
52001
52020
52040
58831
52530
52030
51701
52250
51890
51931
52010
52150
52120
52161
51690
51740
52101
51780
51820
51911
51960
51990
58501
52600
52250
51870
52011
52010
52010
52131
52110
54710
51981
51990
51840
52141
51730
52010
51750
51991
52100
3069148
57900
53741
52410
52480
52251
52190
52120
54091
52320
52000
51951
51930
52000
51620
51821
52210
52140
51921
58690
52200
51821
51610
51700
52101
51900
51970
51791
51890
52020
51720
51751
51860
51930
51731
52100
52470
52381
58490
52300
52020
51711
51960
51690
52171
52110
51890
52031
51820
51820
52291
51960
51710
51900
51701
52160
52140
3066578
57591
53560
52730
52061
52010
52380
51831
52120
52500
52021
51930
51990
52350
52011
51750
51830
52291
52040
58650
52501
52050
51920
52081
52010
52250
51991
51960
52030
51960
51881
52010
51780
51981
51920
52010
52221
51880
59400
52180
51921
51830
52090
51991
52120
52090
51871
55390
52150
52131
52100
51770
51980
52331
51960
52050
52081
3068358
56140
53080
52411
52040
52180
52391
52000
54480
52261
51910
52180
52041
52060
52170
52260
51981
51780
58440
52511
51870
51940
52061
52180
51880
51931
52130
51950
52220
51911
52120
52380
52031
52050
51810
52001
52560
58620
52291
52130
52070
52110
52291
51900
52030
51691
51990
51790
51781
51520
52490
52311
51780
52100
51971
51750
52000
3070658
54491
52840
52600
52260
51851
51930
52040
51841
51980
51750
52011
52040
51660
51980
51651
51860
51960
58951
52140
52010
51851
51910
52110
51961
52340
52640
52230
51961
52010
52090
51821
52130
51850
51801
51870
52110
59721
52080
51820
51560
51961
51840
51940
52031
51760
54120
52121
51890
51670
52171
51820
51920
52031
51960
51940
3060538
61120
54481
52570
52260
51931
52120
52040
51961
54960
51950
51941
52360
52100
52180
52011
52030
51800
52091
58640
52110
52391
51870
52030
51951
52130
51950
52030
52331
51960
52170
51981
51830
52230
51931
51680
52140
51810
58691
52130
51650
51601
52140
52100
51771
51910
51840
52111
51930
51860
51591
51860
51910
52021
51890
51850
51470
3064438
60431
54260
52820
52351
52090
52160
51911
51900
52220
51841
51780
51840
51860
52051
52080
52270
52161
52030
59500
52231
52190
51850
51751
51880
52110
52030
51971
52080
52050
51871
51920
52090
51681
51620
51710
51930
51771
58060
52100
51731
51690
52070
51941
51660
52290
51761
54740
52380
51881
51830
51870
51810
51791
51970
51820
51701
3068788
61640
