232731
219712
218791
218581
230162
219521
224401
218641
8442760
262201
237701
242422
224131
221581
219212
219161
228211
220671
219412
218111
10296640
292242
244041
234251
236702
223391
220001
218421
226722
219111
217761
223052
218071
6677339
261731
250792
228261
229521
221972
218141
4214174
246442
232631
227481
233352
220411
219691
219552
4635516
273342
238191
874746
2599925
255451
231941
242822
221581
228791
220472
232521
217491
216882
217121
218871
7289923
258321
236561
227322
232501
221281
220372
218851
226801
219132
219231
218651
217731
1653450
239421
241242
222891
220961
220252
218371
225531
217511
217452
216571
227061
217942
225211
220371
217491
6608379
257011
248252
227321
231071
223162
221741
229851
219401
218232
218181
227301
219072
217911
217571
219261
7172092
262802
238701
231921
239412
222181
222211
221712
220701
228321
220221
226112
218991
5990385
283371
238242
228641
225221
234292
222161
227521
220642
219561
227191
219062
219151
218011
6495608
277511
240702
243001
223772
223551
219931
220151
232402
218041
221041
216862
226011
219511
219551
217872
218051
4344805
260592
235791
237691
222782
220711
219191
219931
231652
220821
222951
220012
3726321
262662
249291
224722
219971
222701
218982
228031
216931
221971
217692
237481
219251
216651
216092
217831
6354737
259191
233362
252581
222212
220941
219301
219641
227112
218591
218191
217212
3870802
265041
249882
229051
226642
222691
230141
223732
229941
219991
228081
220992
221051
221291
220512
3270639
230241
221821
220601
233852
223051
219881
219762
218621
225711
218382
217971
218951
3230159
227081
222991
219972
220311
227041
219702
224311
218451
226301
219912
219601
219731
218362
4257884
237312
224751
221591
234212
218511
217391
218631
224672
218081
218931
223042
216941
2652655
224011
219182
226771
219211
223942
218691
255331
218452
217171
218051
225362
217681
218781
218951
217972
5313600
255152
240581
226512
249891
220571
218892
219121
227601
217742
217541
220051
217631
3251909
235052
223041
219131
227441
219822
218141
218031
217242
238371
214981
222201
217312
3233888
224782
224931
216891
217322
233991
216681
216241
215592
223761
215321
217221
215722
214931
3237199
220751
218761
218032
226841
217771
216481
216292
216921
224281
217242
221951
216851
3228789
243991
232892
222041
218871
226791
217762
216201
216691
224372
217051
215621
216121
216392
3239598
230182
221651
220681
230582
219021
216761
216721
216072
224501
217211
259322
292551
3258039
229972
229271
219551
224772
217991
217631
217091
216032
223431
216791
217491
215402
3230698
232032
224591
219731
217532
224711
217311
218691
216802
223541
216701
219412
217311
216111
3237909
228131
226291
218392
225801
217161
217072
216971
216391
225321
217372
216351
217081
3227159
233191
224292
219741
218961
225751
218422
219751
217111
225282
218031
220141
217721
217272
3240068
229422
229111
218881
225242
217821
218891
217411
218582
225521
220001
219062
217911
3229549
239791
229691
221972
219771
226171
220751
217672
217901
224481
219342
221221
219301
218891
3240139
231262
226871
220011
226111
218632
218681
217611
217322
225751
218311
217381
217412
3231978
234592
227121
221081
218332
226211
218531
220171
218152
226461
216301
220922
216721
218131
3241899
231221
230222
220491
226921
220131
218532
218541
217291
225202
217441
218721
217801
3234299
232491
223982
221451
219211
224732
217841
225151
219172
226371
220401
223411
217302
218211
3242549
228211
225961
218812
225211
218721
217262
216991
217691
224601
217022
216831
218051
3238519
234431
226882
221011
228011
219021
218332
217191
216611
225502
217641
220191
217991
217262
3248729
231921
226281
220321
225332
217511
217261
216412
223231
218351
219221
220422
217501
4245435
243011
227241
221952
227091
218501
221751
218642
218571
223821
216672
217751
217221
3228339
229331
220271
218082
217721
225861
216171
216442
218671
224021
217472
217381
218551
218691
3235579
223772
219161
217291
222761
217802
217821
220611
216391
222422
217131
216711
217601
217242
3235169
220761
218081
218121
229102
218581
217251
216451
218182
223821
218101
216372
216441
3230429
223721
219391
218471
216442
225021
215821
221011
217412
224631
215711
215262
216991
217091
3235229
222881
218631
218752
223761
217291
217131
216662
217031
223651
216772
216441
215771
3230749
223651
223331
220662
217791
224111
218292
224581
216051
215241
222542
216241
216541
216681
3232569
222152
219181
217511
217481
224602
217861
216091
216591
224052
216621
216711
215961
217572
3233428
223822
217731
217091
225472
216821
220681
218341
218242
226611
216531
216171
215842
3227769
222641
219371
218621
215952
224621
217041
216641
215272
222551
216401
216061
215902
216401
3022628
228881
218501
217161
215832
218501
222811
216771
220812
216531
223761
216132
215121
216601
216651
2236593
222432
224901
217081
223661
215682
216111
216471
216891
221712
217731
216371
215622
4201644
280582
238061
225961
221302
228181
217211
221871
218022
224661
216301
215511
216092
216161
4275925
247521
230702
223541
229651
217831
217952
216551
224191
218591
222672
219171
217461
3260939
233882
229161
221031
227302
218691
217361
218071
221732
225511
217041
216521
216082
3234979
237041
227211
222832
219531
227411
219201
216522
216361
224421
217881
221512
217921
218011
3248559
232132
229631
221271
227971
217512
218101
217791
225302
217551
217271
218241
217592
3237678
237312
226841
221881
226432
218981
218751
217122
217731
225191
217101
223012
218001
3226829
241041
234311
224922
221151
227051
220022
218631
217571
224391
218302
220501
218681
218291
3241319
233322
224451
221131
226312
219301
218311
217971
217582
225311
217831
223302
216821
3230608
239472
234921
225542
221931
228441
219211
218292
218561
225911
218322
218771
218391
218901
3251029
233722
226201
221821
228412
220441
219391
219951
225482
219341
217741
222072
218311
3239489
237401
232471
222812
228341
219961
218371
217232
217771
226531
218422
217331
219761
3229519
242081
230222
224911
221591
227731
219392
219871
217991
225102
220201
225661
220042
218221
2453214
229521
222502
226901
220371
224781
219872
217691
225481
219442
218401
218451
225431
218932
216731
215831
217502
3248368
229542
224631
221541
227562
220551
220681
222081
219822
225791
219231
223522
219331
3231099
222111
225231
219311
218782
225971
220001
219242
218691
226071
219882
219511
218531
218401
3232489
220801
219902
218921
224191
218591
218722
219221
219041
225132
218151
222371
218991
2869157
225031
228842
221131
223221
219512
1230737
221501
219831
218442
219681
226051
217891
219402
220201
1324798
219781
217981
216601
3227969
223552
219211
217311
216931
224762
216451
216121
215881
216322
3237668
220242
219701
218041
225762
218231
217861
217871
218312
224551
217021
219971
216012
3250569
234141
230361
222132
227121
218451
218511
219302
217441
224851
218202
217361
217951
3226499
228001
220991
219042
217101
225811
218971
217822
216891
218821
225532
217801
220271
217071
3235109
221581
223692
218601
218051
224592
218681
218501
217521
225952
222441
216851
218852
217321
2379974
228281
224191
227442
219171
220041
218161
218262
226421
217411
217441
217332
2477164
221071
217772
218501
226591
217541
216652
217261
223941
220892
217741
221411
217051
224562
218191
216591
216611
218002
5290690
243532
230191
225872
232521
221371
223511
220062
227881
219331
219002
218861
218611
3260339
235501
226742
221921
228121
221532
219521
220141
225922
217241
218511
218281
218132
3244678
235542
226421
221351
228322
218521
223441
219792
217361
227071
220631
219122
218571
3238599
244991
231421
226192
228771
220751
219522
220631
219001
226682
218941
218451
219131
219572
3264679
232961
224051
221552
226091
218921
223181
218702
225421
219141
218292
218641
219341
3257139
244511
228702
223451
229551
220852
219531
219071
218721
224612
217691
217341
218072
3285219
253101
235041
225312
229721
226871
229092
222511
220371
226772
220201
218571
218481
3259849
246732
230191
225611
231422
221211
219751
219752
220671
225441
217101
219452
218891
3241219
243801
228602
222941
220651
226691
220582
222661
219201
225422
218341
217711
217691
219952
3261329
233761
224481
220072
229911
218181
217491
218652
224131
218031
217962
219121
219191
3301189
271442
244921
232642
234701
222381
226312
219501
225581
219551
219962
217991
218621
3302569
254072
234361
227111
230442
220561
219531
220072
225361
218111
219322
219191
217831
2563455
237631
226092
228251
219461
219572
219191
228101
220101
229602
218181
217581
225412
217311
217971
217251
5355161
309752
256202
245341
230552
228711
223781
221201
226252
219021
218391
219872
3249808
253832
234301
226232
228691
221901
219951
220562
218781
226761
218202
217941
217931
3229879
251451
232402
225261
220921
228412
219351
225281
219051
225642
218811
219641
219182
217371
3251909
241501
228481
223552
229151
221501
220072
219671
219131
226421
218532
216961
218471
3261419
253492
236551
227151
230752
220701
226111
222042
219661
226541
219731
220112
218371
3255599
251061
235392
224561
230051
219472
218821
218361
218271
225792
218081
217401
219122
3231148
248112
232611
224321
221912
227241
219831
225062
219881
226991
217351
216792
218821
216231
5319871
274742
246481
264912
265191
243342
226911
233511
221902
219191
219081
218461
3249219
229812
223271
219601
225711
217732
217611
253042
216591
224871
217091
216632
216431
3233469
231121
223371
219611
219842
226261
216961
222342
217741
224471
215381
216302
215761
216341
1998562
228371
219761
221902
220821
224991
216262
216851
215711
216831
225542
216131
216831
216991
3237809
307432
245451
230692
233061
220291
220022
218951
218251
225531
217212
222341
215921
3237589
237292
223121
217771
217961
224492
216661
216631
216031
224562
215521
214841
215271
215182
3590271
244161
228301
232252
218541
217771
216111
223192
218211
220311
217941
218612
229451
217401
217642
216261
4279255
275361
235712
226991
229481
219852
218321
217761
216831
224252
216331
219581
216742
3251358
237692
224621
217011
216412
224051
216481
216281
215542
223681
215431
217471
216592
216521
3243489
225981
220901
218702
225131
217091
216571
215982
216171
225221
215562
223801
216221
3239249
238181
230622
221321
217171
224921
217752
217431
217611
226782
217771
218061
217641
216002
3247349
229861
221311
218751
223432
215941
220431
217381
218342
223131
216451
221202
216251
3260599
259641
234052
222371
227021
217481
217552
216611
217521
225202
217531
216861
216831
216672
3277229
228051
221091
217732
226411
217351
216381
216712
223471
215621
220611
216882
216311
3249469
233721
229252
218531
225091
216691
216502
217321
218541
225361
217772
217621
216351
3234619
239511
223362
220311
218301
225942
216711
216891
216201
223742
217981
220141
217011
216552
3247759
232131
225121
217592
224621
217471
217421
217012
217301
223411
216831
216362
216051
3228499
239711
224241
220132
218161
223551
216911
215612
216091
223251
216082
216381
220161
215341
3253919
228412
226491
218371
224881
218002
217231
216401
217301
223532
215431
215471
215381
3225239
227252
219851
217821
217371
224722
215731
215871
216161
216382
222961
216791
229471
215952
3237019
222991
222731
216451
217052
222831
215961
215461
216582
223651
215661
215751
215502
216541
3248939
220231
216641
215272
224261
215341
215242
215961
216111
223351
215892
219321
216181
3241989
241041
228282
219071
216671
225181
216992
216421
216691
222962
215351
217521
218171
215582
3243388
225722
220211
217291
226842
216781
217511
216161
216582
225871
217821
221671
218232
3230518
226442
227451
220391
217822
224941
217081
216531
216692
224191
217211
216322
215901
216341
3238419
227251
220611
218192
223971
216751
215612
216101
216681
224041
216742
221541
216891
216061
3241579
223181
224332
218331
226221
217172
215201
216411
216181
223132
215901
214931
217711
3235309
224332
218121
216391
216101
222712
216711
216721
216171
223982
216581
221211
215701
215452
3234288
223162
223271
215681
223162
216261
215361
216981
217862
224241
215431
214291
214942
3225488
226992
219321
216311
216712
223061
215731
215591
214812
216031
221921
214421
220322
215451
3228349
224351
224151
217731
218552
223271
216661
215542
215291
223251
215731
215432
215721
215431
3250079
221811
218142
216471
225001
215601
215292
215901
218141
226731
215032
220751
216321
3225719
226681
222622
217781
216451
224311
215772
216031
216831
217341
222992
215661
216041
215931
3229449
222381
219652
216711
215121
221462
214321
214021
216441
221732
214681
218201
216471
214792
3232138
222622
227781
215721
223641
216022
215491
216151
217002
223711
215301
215781
215652
214521
3232819
218761
216611
215871
222762
215811
216011
215141
214522
223131
215151
221682
214111
3230629
223011
223731
216781
216312
223051
215731
216961
215362
222881
215601
215891
216232
216241
3230839
222711
218521
216162
222141
215711
214941
215182
214021
221471
215171
220482
214981
215881
3230429
221031
221972
215931
222651
216461
216302
215001
216151
224551
215592
215091
215161
3234099
222451
222932
216151
215871
223911
215352
214901
213991
222311
215672
214921
221271
214791
3231479
223951
224592
218161
223971
216752
216651
215631
214171
223762
214101
214461
215581
214212
3234228
222912
217971
217471
224632
217491
215671
216181
214861
222232
214951
217881
214531
3225369
226012
224011
218731
217071
225312
215621
215681
215512
222461
216051
215251
214671
216132
3233179
224951
218771
216891
215722
222221
215961
216181
217442
222011
217131
222272
216631
214891
3239969
222281
222811
216342
223431
214781
214742
215521
215671
222441
214602
214291
215021
3224289
224341
218671
217382
215291
222991
217961
217992
217721
217791
223631
214142
221051
215451
3237429
220081
222632
216461
215111
221741
214932
214351
214451
221451
213982
214721
214561
213991
3229609
219751
216552
215471
221071
215941
216172
215841
216491
222862
216301
221271
216561
215252
3236558
220162
222421
217311
223031
216482
215661
214261
214281
222062
215311
215871
215222
3225738
222312
218021
216861
216891
224572
214991
215791
214681
222992
215821
215441
221061
216202
3228648
221012
221711
216461
222992
215941
215171
215611
216792
222631
215701
215611
216172
215821
3231419
220581
217641
216451
223512
214251
214861
215531
213542
222651
214561
218082
214471
3225528
222282
218371
222191
218142
225501
219261
216931
218012
216731
227351
216212
