248801
231312
229341
230872
230661
239261
230462
229191
229931
3259790
253061
241001
234552
241781
230402
237321
230951
238642
233661
231742
231981
3243469
269392
250651
240041
241882
231301
232502
230741
231581
237942
230861
230091
230692
3258539
258831
243582
236691
240782
230421
236331
230932
238371
230712
230241
230501
229962
3276199
251191
243022
235771
243882
232351
232871
232082
237301
231601
231462
231911
4268935
265742
252281
238832
243491
233052
231741
233351
238892
229961
230561
231572
230281
2256033
241712
236141
233652
240131
231151
231742
232121
237791
232132
230351
230762
3292759
290702
254381
244172
245641
236211
239342
231781
239102
231231
231721
234222
2514935
266191
240472
241621
233671
230752
232121
232051
238382
230601
230731
230342
238081
228732
228671
228991
4298176
264071
246692
234641
239711
230962
230801
231261
236942
229101
229932
228951
228501
3247149
233032
230081
229452
238881
229621
229392
229511
237751
229192
234091
228471
3240609
239232
235161
230452
229061
237781
230882
229111
227891
237662
230061
228801
228162
3242529
239811
233332
230321
228111
238452
229471
228811
228462
234211
227812
234191
228961
3257149
240372
237731
230622
236331
230341
229792
230621
228601
239322
232071
231752
230371
3267629
240742
233051
230221
239372
233121
229671
231382
237581
231462
235261
231011
229412
3264299
242111
241632
234831
239631
230822
230671
230611
237352
231001
229542
229881
3242089
248162
237571
233651
232722
237861
232301
234312
229821
237672
230421
233631
228852
3269029
253591
254672
236991
239862
231911
229991
231602
237111
230122
230011
231191
229952
3325199
272562
249861
249692
236311
236351
230382
229961
236232
230701
235081
229822
3268369
249091
241942
234011
239942
233041
229991
231712
238701
230351
229412
231101
3246509
262632
240451
234272
231351
238101
232622
232641
229111
237682
229261
233302
229271
3255479
249471
246222
236151
242142
232511
231142
231521
238951
230722
231201
232361
231352
3278369
243441
236792
232881
240672
234821
231321
231962
239731
230971
235672
230241
3250519
249202
244131
232792
239991
232071
231222
230781
230271
238352
230631
232102
230111
3252349
234672
231771
232111
239272
230781
230431
230432
241661
230561
236462
230591
231132
3248669
239421
240242
231481
237261
230872
231231
229481
237172
229141
229601
229932
229581
3281239
244882
236431
233242
237991
230681
231322
230731
239522
230091
235401
229322
3245819
240271
240342
231941
240041
231642
229791
230291
229812
237331
231302
231201
230541
3250679
239462
233871
230521
237922
229851
232152
230371
237761
231242
234521
233501
231152
3250079
237491
239572
232351
237871
230192
230091
231322
237741
229751
231262
229651
3240249
240902
236341
235341
232662
240621
232532
230391
231631
240142
231731
237391
233072
3259019
241691
242812
233331
239242
231901
230921
231752
230451
238671
231502
232781
231871
3248310
240741
234721
232602
238611
233492
232711
231521
237082
230631
235561
233752
232371
3249619
239862
239521
232791
240112
231501
231182
231041
238801
232412
231281
230742
3241489
240311
235521
234792
232031
238101
230022
230381
229211
237172
230891
234462
230421
3245159
240242
239501
230301
238842
230751
232001
231682
231031
238782
231171
231641
231662
3250869
239601
234832
232031
240661
230302
230421
230721
238672
230971
235982
233461
230811
3255079
237592
239511
230802
238691
231071
230162
230961
238382
229401
231851
231512
3239669
244211
235051
233012
232681
237602
230781
230151
231192
236201
229201
237072
230321
3244939
238052
239211
243331
239572
232021
231382
231061
232291
241812
232931
231601
230312
3245279
234881
231822
231141
239142
232591
231741
231382
236391
229761
234582
232201
231511
3269290
237291
239601
232552
240281
231152
231021
232261
240042
230291
230361
230292
3240139
239771
235242
233571
232011
238792
232451
231012
232001
238951
230082
234111
231511
3245760
239591
239601
232922
240751
231371
230662
229301
231391
238342
230971
231282
229821
3253669
242152
234331
232961
239342
232331
229151
231572
237131
231252
235171
232021
231612
3248379
236091
235772
231071
237351
229712
229471
229591
239912
230881
232001
231352
231041
3251209
234722
234331
233021
239542
232051
232182
230851
238371
229482
233921
230482
3247419
242781
240121
232222
239631
231802
231291
230881
231042
237811
229841
230232
230581
3249259
238382
234481
231311
237302
230031
232151
230412
232691
237562
229801
234671
231422
3254219
239531
237912
231761
240232
232611
232331
230572
237801
231441
230742
229371
230081
3246159
236092
231691
232522
238811
232101
231942
233911
237811
230502
235981
230892
3242139
237611
237181
232272
230971
235582
229581
230291
231712
238301
233771
231202
232271
3246949
237192
232611
233501
239492
231391
229872
231271
230961
239552
232931
237891
232152
3249619
237881
241702
232421
241522
232251
231911
231712
239351
230261
233762
232161
230772
3244559
233731
233241
232392
239481
230701
229192
229311
3244499
236512
233631
232041
238542
231471
235142
230691
228891
3245749
235212
237861
232642
238691
231161
230702
231151
242981
230832
228791
230801
3238839
242852
235081
231482
232831
237801
230312
230791
229682
239901
230831
234412
231461
3242199
236531
235132
232161
231512
235311
231291
230332
230321
238001
230362
230361
231001
3245210
239901
234881
233082
237951
231322
232051
229741
229652
237581
231611
238352
232781
3246369
235802
236921
232291
239952
231441
232412
232921
239441
232302
232911
229481
231532
3250109
236211
236612
232371
238471
231822
230761
231901
241292
231981
235452
233371
3241299
238892
238181
232411
231312
236811
231361
230652
230491
237641
230142
229601
230172
3244529
236971
234721
231242
237781
233312
231771
231161
228872
237341
229061
232852
230411
3246329
238182
238881
233701
237612
232121
230642
230541
231951
238672
230621
230321
230632
3248019
240381
236152
235411
240771
231402
231481
233442
239661
231771
237202
231021
232181
3250130
242271
234521
234082
241291
232092
233031
232201
241982
232941
231901
231452
3245169
236031
234002
232631
238611
231892
233751
235442
233771
239881
232562
236781
232721
3247650
237431
238821
235252
239741
232332
233521
233101
240512
232281
232661
233902
232871
3247289
235152
232601
232871
240132
233771
236732
233211
239851
233502
236411
233922
3268909
243681
243812
233451
240081
231692
231971
230861
232472
240051
232492
232731
230701
3245770
236881
234491
233152
239251
233951
231422
232171
240171
232082
236011
232972
231971
3249039
237562
237251
233111
239042
232751
232672
231611
239061
232442
231711
232871
3238599
238222
234941
234522
233131
240291
232052
231301
231171
240962
232901
237142
234211
3247549
242202
240201
234491
239852
235101
232731
232402
233841
240772
232981
232041
231972
3247669
237351
234832
235471
243101
236052
233771
232872
240101
233081
237372
232471
232311
3248430
238841
235171
235312
240961
234202
232461
231131
239802
231551
232361
233092
3243999
239521
235852
232191
238422
233381
234441
233382
232561
240061
233202
237161
232221
3250320
242711
242881
234422
240441
232852
231841
231341
239242
230991
233181
231382
231421
2682946
238262
243401
235011
236222
232751
240221
232692
231711
232772
3248339
237751
233011
232222
231991
240452
231171
235781
229892
238851
232091
233942
232201
3250139
234652
232401
233971
239942
233611
232492
233431
232171
238032
234251
233101
231552
3257329
235851
232622
231831
239142
232161
235941
232182
237841
231431
230812
231131
233362
3249489
232901
231121
230672
239291
231221
232132
231901
239722
232391
231441
230372
3240229
236281
231732
231281
234821
237972
231111
297072
312372
232471
232461
232482
233361
4258935
233291
232722
232081
239032
231581
232991
230682
237771
232152
235901
231041
5248431
242392
233211
234731
231682
243271
231011
231622
231691
251172
229791
234801
228812
3243229
233391
239912
230871
236811
230482
229601
228791
228892
238281
232162
230271
231051
3243609
231572
230631
230381
237302
230531
230422
229971
231911
239132
229741
235051
229632
3244099
232441
236362
229831
237031
231942
232371
230601
237782
229991
229932
229931
231011
3243589
234192
230521
231091
237632
231641
232272
229741
236621
229072
234301
231111
229612
2787456
243941
232662
233501
230112
229951
237431
228412
227781
229171
237422
229231
230772
229661
1812091
266161
310572
236781
232852
231221
238532
229661
233081
232282
237421
230371
229782
231321
230411
3800143
248041
236042
237971
232551
230572
239071
231391
231122
230061
239392
231951
228761
230062
902315
245171
245782
232231
239102
232291
4275075
236102
232001
230291
240232
230551
230391
230652
6257327
240281
234111
232722
237151
230281
233552
230571
230362
237441
230601
228752
227841
254852
230851
235721
228702
235471
229441
231552
229771
230351
243172
228411
229422
228761
3243639
232231
230432
230631
239581
228822
229491
228241
236752
231381
232022
231951
230611
1371618
243092
235681
307582
232161
232442
231541
321482
232021
235182
231901
469223
232461
231932
229281
286462
230861
229941
231762
282151
230802
229661
230381
249002
230071
232912
229941
271282
229521
230461
228732
282991
227062
228021
231461
258412
229191
228852
229841
229371
291082
231011
229142
229591
271352
230141
230301
229702
279021
233762
228571
231171
273152
229241
229492
228631
274052
229861
233151
228732
240671
229112
229141
228751
229282
313971
228832
229151
229191
281712
228011
229052
229251
293482
237391
230302
228641
347292
229271
231162
229751
345772
228482
227681
280652
229661
228801
228382
228541
316192
234751
228371
229352
366732
229791
228922
284711
228852
229171
227821
327612
231622
227831
228761
332852
230332
233971
231481
272152
228661
230642
229661
288022
229901
228771
227642
229581
340002
231502
229361
294472
230641
234491
229842
330442
229181
231411
229732
291661
231592
231801
230111
290362
231062
231011
228521
231182
321181
234662
230001
272182
229391
228672
231691
229381
277992
229201
230022
231251
283442
229761
230751
229542
289471
229252
234691
229071
269492
229591
229512
230891
275432
227961
230611
228772
266961
228732
227891
230751
279572
230601
237302
230471
229561
971926
240532
231971
229801
229822
4672417
271692
3288909
267882
249911
238642
245061
234861
238662
229901
238282
231171
229111
228782
231931
2280163
245602
235721
231922
242881
235091
231802
230391
238262
233861
230961
232602
2259393
247011
238642
233161
241782
231221
230961
229322
237681
231751
230002
228881
231791
5286942
259461
246682
238771
246531
230982
231611
232422
239211
229671
230292
229491
3271989
261112
243141
237722
245381
235421
240072
235091
241842
231571
232711
231662
232761
3284359
249622
239461
235552
261081
233362
230351
231101
240372
233121
230061
229922
3279679
255272
240601
233971
242972
230781
235472
230921
239301
230642
228701
229161
228862
3346499
268742
247751
251162
237341
234592
235521
241862
231581
230811
231472
232121
3267209
244772
239031
233741
245682
231651
236272
230271
238711
231402
231901
231892
3259069
264241
248992
238291
241541
234712
230901
230522
240651
230591
229532
229921
230461
3273120
251971
241162
236371
241231
235492
237091
230491
242282
230851
228562
230321
3251949
266462
247811
238772
242701
232571
229392
232471
231662
239861
229761
230012
235991
3264249
254692
242971
233251
241432
232181
236282
231381
240321
231052
231001
232102
3246489
253671
241751
236332
241771
233332
230971
229871
229952
237661
232532
230411
229561
3273190
250771
237221
233122
241631
232052
234911
230721
238872
229371
228601
228232
227641
3260119
242632
235371
231281
245572
233661
232232
230491
238101
230272
231031
231141
3247449
249002
236261
233972
240811
233272
236811
231351
231142
236471
229911
229652
230001
3254749
243252
236611
233171
239022
234201
233132
231331
238051
230972
230101
229692
229441
3281699
249162
236691
234361
241402
232011
234742
229941
243151
231522
231541
230051
2623566
272271
242702
249521
234902
233111
231221
243362
232311
230932
229451
237511
230992
229361
228831
231892
3295359
251802
241181
246811
234402
238741
234342
232611
240291
230552
229381
230312
3284809
260571
243952
238711
243982
234531
231411
231572
240231
230262
229381
227371
2264044
269711
246912
240821
246391
234772
233641
231952
239471
233281
235462
235031
231462
3068318
265771
256992
240591
245081
233512
231771
230952
232301
241151
230202
229781
229851
5920165
297202
255371
241792
237371
245782
233271
232452
231631
238791
232192
230661
231061
230912
2298203
258942
243811
238332
244811
234181
233072
231211
239612
230491
237091
230802
8230108
291552
255401
245602
249131
236092
233501
231401
241572
233241
231592
236411
4309235
285732
256871
240502
244731
233372
234811
231001
252122
231501
231222
230431
230971
4307236
250641
240072
282861
236242
238701
233891
240482
231291
230291
231292
230131
3276780
250391
238161
235272
243241
233152
232201
230131
242312
232921
230631
230942
3273979
266832
244481
237682
243951
232121
239062
234411
238721
234132
231211
233092
234471
3290509
253242
239871
236362
244621
232911
231392
232701
237832
233641
230201
229192
3255999
241641
234062
232271
241331
231852
236431
230552
229601
237871
230212
231401
231281
3254929
239252
233591
231102
240071
230551
229592
232601
238502
232331
231291
229702
230261
2822287
266791
243472
236231
235841
241282
232171
236122
231441
231531
241742
231291
231621
231462
3254609
244471
238312
234001
237751
233172
234831
230952
241421
230561
230312
229761
230441
3256580
241641
243782
232591
240181
230262
234591
231781
238572
231021
230861
229942
3243629
246361
237942
232831
230492
239371
230451
232772
232681
237081
228642
228931
229771
3254280
246851
239011
234592
239521
234292
236971
231211
237072
230181
231211
229942
230201
3251629
241572
235461
231992
240891
230771
230832
229081
239191
230822
229371
231161
229042
3254679
240941
234362
231111
237411
231362
235111
229602
239261
229241
228702
232111
3246229
250952
239871
235581
240172
231201
230372
228611
228811
237822
232601
229701
228602
3247629
245021
237382
233551
242201
231332
234131
229422
237411
228321
230742
228511
228751
3251389
242132
236471
232392
238871
229611
231442
230151
236882
229071
230431
229882
229121
3256699
240881
236872
234971
239842
231881
235011
228602
239971
229452
229471
229131
3241819
246362
236581
232342
232091
238261
