28670
21520
21350
28360
20750
20920
20781
20850
20700
20830
20740
20700
20510
20770
20621
20750
20690
20640
20870
20810
20960
20860
20861
20820
20750
20610
20660
20830
20580
20600
20640
20691
20620
20630
20950
20650
20600
20710
20500
20611
20690
21090
20690
20730
20870
20960
20820
20581
20670
20710
20640
27530
20460
20800
20650
21011
20840
20870
20600
20860
20630
20950
20810
20741
20570
20840
20550
20810
20460
21110
20800
20581
20750
20900
20780
20900
20770
20770
20620
20931
20750
20660
20550
20670
20720
20770
20830
20801
20650
20570
20910
20590
20640
20910
20760
20551
20670
20820
20780
3050648
33010
24420
22040
21250
21061
21280
20820
21090
20940
20850
20730
20780
20641
20710
20670
20740
20720
20860
20720
20800
20560
20831
20620
20760
20740
21080
20720
20740
20990
20781
20760
20830
20640
20660
20590
21240
21060
20881
20540
20790
20620
20790
20650
20700
20590
28071
20650
20770
20640
20740
20640
20780
21000
20861
20570
20960
20820
20710
20710
20760
20630
20580
20581
20660
20680
20620
20830
24870
20800
20790
20731
20680
20890
20460
20600
20560
20820
20640
20661
20630
20730
20940
20550
20740
20740
20660
20711
20770
20710
20630
20510
20890
27540
21000
21061
20840
20750
20590
20690
20830
20680
20810
20711
20910
20770
20850
20770
20760
20650
20860
20711
20730
20710
20740
20540
20890
20750
20830
20881
21090
20890
20740
20550
20760
20640
20720
20831
20600
20740
20840
20720
20830
20730
20660
20741
20870
20710
20550
20710
20890
2061252
33590
24721
22220
21900
21400
20930
21270
20890
20720
20821
20760
20720
20860
20860
20770
20700
20620
20611
20870
25550
20730
20700
20900
20870
20790
20731
20660
20800
20640
20690
20790
20650
20740
20551
20560
21390
21020
20850
20870
20650
20720
20871
20860
20890
29130
21180
20810
20760
20870
20721
21060
20660
20810
20660
20780
20660
20550
20691
20750
20860
20910
21040
21020
20630
20810
20731
20660
20550
20750
20860
20550
20590
20840
20741
20710
21120
20930
20670
20710
20600
20880
20880
20721
20530
20620
20750
20790
20800
20710
20730
20991
20620
27690
20610
20960
20730
20990
20960
20721
20810
20770
20680
20780
20750
21050
20740
20851
20760
21100
20770
20630
20810
20760
20800
20961
21210
20860
20890
20770
20780
20750
20630
20850
20981
20670
20790
20680
20760
20850
20820
20700
20641
20980
20670
20740
20590
20740
20820
20960
3042748
37891
26130
22720
22020
21390
20970
21450
21250
20851
20810
20720
20660
20720
20650
20740
20610
20871
20700
20840
20620
20640
20570
20850
20820
20961
20750
20600
20830
20710
20610
20780
21340
20971
20710
20840
20880
20670
20450
20750
20630
20501
20890
21070
20630
20850
29050
20660
20661
20580
20580
20730
20660
20550
20400
20680
20780
20521
20790
20870
20670
20600
20850
20890
20600
20921
20660
20770
20540
20580
20550
20760
20690
20731
20730
20690
20570
20770
20520
20540
20390
20730
20601
20580
20670
20790
20520
20700
20720
20600
20591
20850
20660
20700
27200
20670
20740
20780
20551
20550
20720
20580
20680
20500
20530
20570
20591
20740
20820
20640
20730
20610
20510
20770
20721
20570
25110
20790
20740
20640
20460
20630
20690
20611
20740
20790
20750
20670
20570
20770
20730
20811
20700
20720
20480
20640
20420
20660
20700
20551
20560
20760
3050558
31230
24100
21980
21160
21041
21050
21090
20670
20970
20890
20760
20640
20781
20700
20610
20800
20690
20380
20650
25770
20821
20610
20650
20550
20600
20600
20750
21210
20781
20590
20560
20510
20670
20510
20590
20560
20690
20541
20630
20640
20480
20510
20830
20660
27910
20641
20720
20560
20720
20510
20580
20580
20710
20541
20650
20670
20800
20840
20920
20410
20740
20601
20710
20840
20890
20740
20750
20910
20620
20771
20750
20780
20730
20910
20770
20680
20650
20620
20831
20600
20590
20530
20640
20680
20690
20870
20781
20570
20910
20960
20840
20760
27090
20750
20801
20820
20580
20670
20930
20670
20790
20650
20751
20630
20650
20520
20890
20860
20870
20990
20691
20600
20640
20690
20650
20670
20740
20720
20801
20730
20930
20700
20630
20540
20490
20410
20601
20580
20550
20530
20710
20530
20840
20570
20651
20300
20590
20640
20830
20530
3044968
39760
26810
22291
21850
21360
21300
21780
21340
21050
20900
21011
20750
20800
20740
21070
20870
20530
20800
20551
20940
20630
20640
20860
20930
21210
20650
20871
20910
20840
20820
20730
21090
20640
20710
20710
20711
20440
20690
20730
20920
20630
20840
20560
20871
20550
28740
20730
20800
20640
20750
20540
20761
20580
20550
20590
20720
20950
20840
20690
20841
20530
20630
20460
20860
20670
20590
20710
20461
20790
20770
20580
21030
20930
20760
20550
20770
20631
20760
20540
20710
21050
20910
20790
21090
20801
20680
20470
20850
20730
20650
20710
20910
27331
20660
20750
20680
20700
20560
20790
20810
20741
20990
20660
21240
20800
20650
20580
21130
20941
20650
20670
20840
20720
20720
20850
25010
20711
21020
20660
20720
20840
20820
20710
20600
20621
20720
20760
20620
20780
20820
20610
20660
20641
20980
20570
20560
20780
20590
20640
20630
3046788
35251
25890
22950
21460
21380
21080
21130
20750
20921
20700
20590
20610
20850
20750
20950
20890
21031
20740
21150
25150
21170
20780
20640
20470
20621
20730
21150
20700
20740
20510
20680
21020
20601
20530
20660
20470
20670
20580
20500
20580
20581
20770
20710
20660
20860
27570
20790
20710
20741
20780
20710
20890
20640
20510
20730
20980
20870
20831
20840
20530
20850
20590
20690
20760
20720
20701
20670
20780
20690
20760
20630
20720
20730
20861
20960
20690
20650
20600
20760
21080
20790
20741
20650
20620
20910
20930
20890
20800
20900
20930
20991
20650
27230
20770
20620
20920
20870
20791
20860
20720
20740
20710
20890
20690
20700
20581
20590
20990
20790
20560
21150
20760
20880
20541
20650
20500
20600
20360
20760
20760
20930
20770
20751
20740
20790
20610
20780
20670
20730
20620
20871
20670
21190
20720
20590
20710
20600
20550
20661
20550
3038348
35980
25880
23050
22220
21510
21510
21001
21060
20790
20730
20790
20630
20800
20820
21081
20940
20850
20750
20600
20780
20670
21100
20671
20630
20540
20620
20700
20650
20670
21100
20641
20730
20630
20770
20580
20800
21020
20800
20650
20911
20740
20690
20690
20790
20790
27680
21010
20751
20620
20650
20780
20690
20730
20680
20660
20741
21050
20760
20530
20700
20650
20890
20790
20571
20750
20730
20710
20780
20640
20800
20600
21091
20610
20910
20970
20650
20700
20890
20750
20611
20610
20770
20620
20740
20430
20680
20650
20631
20750
20710
20580
20630
20600
26650
20650
21131
20550
20530
20510
20780
20790
20640
20750
20711
20750
20660
20750
20830
20720
20650
20730
20631
20670
20860
20700
20600
24610
20750
20660
20911
20650
20710
20740
20700
20660
20720
20660
20710
20801
20730
20530
20780
20690
20740
20780
20700
20691
20750
20750
20570
20640
3051388
31940
24890
22140
21911
21360
21240
20970
20910
20910
20750
20830
20741
20700
20640
20550
20690
20570
20750
20830
26461
20750
20750
20710
20970
20780
20560
20520
20691
20540
20680
20540
20600
20570
20630
20630
20711
20570
20790
20790
20850
20550
20680
20560
20790
28361
20710
20620
20640
20690
20680
20950
20771
20750
20650
20650
20880
20540
20620
20530
21221
20540
20740
20650
20840
20820
20690
20640
20760
20641
20990
20760
20850
20560
20830
20650
20790
20741
20750
20910
21030
20790
20670
20610
20910
20711
20740
20670
20730
20670
20800
20970
20870
26671
20690
20530
20730
20520
20800
20550
20790
20561
20730
20600
20920
20720
20760
20580
20920
20661
20770
20530
20550
20540
20810
20550
20900
20781
20590
20570
20770
21200
21070
20620
20860
20701
20920
20660
20640
20840
20720
20710
20710
20720
20751
20650
20810
20620
20720
20580
20870
3043578
33130
24601
22270
21230
20880
21160
21220
20760
20670
20501
20780
20920
20800
20530
20840
20590
20700
20631
20730
20660
21080
20960
21040
20860
20850
20560
21191
20540
20620
20610
20880
20630
20740
20770
20751
20750
20530
20940
20790
20510
20700
20730
20671
20540
20650
27160
20650
20690
20570
21130
21111
20800
21030
20520
20690
20490
20600
20490
20841
20720
20510
20650
20870
20630
20560
20770
20681
20650
20740
20680
20870
20630
20850
20620
20621
20640
20780
20540
20720
20490
20450
20780
20881
20900
20690
20490
20980
20680
20770
21000
20721
20630
20610
27780
20700
20840
20910
20610
20861
20570
20650
20560
20940
20670
20600
20610
20791
20770
20550
20670
21150
20740
20720
20730
20810
24311
20710
20650
20680
20530
20730
20760
20610
20741
20700
20740
21160
20980
20910
20720
20700
20811
20610
20840
20870
20600
20670
20750
20760
20401
20510
2556875
29650
23240
21800
21350
21320
20841
21240
21040
21150
20760
20920
20670
20640
20870
21101
20730
20680
20800
20830
20590
30450
20911
20960
20680
21020
20610
20910
20820
20830
20670
20681
20690
20700
21240
20910
21090
20890
20630
21031
20540
20830
20640
24910
20920
21070
20670
20671
20570
20750
20790
21470
21080
20780
20780
20861
20860
21050
20670
20770
20720
20710
20650
20811
20660
20890
20740
20920
20730
27300
20500
20901
20750
20930
20640
20930
20690
20720
20730
20751
20890
20880
20830
20630
20520
20750
20690
21021
20920
20820
20510
20650
20590
20710
20680
20801
20510
20750
20490
20720
20500
20660
20960
20661
20580
20750
20740
20850
20600
21290
20680
20691
20810
20760
20500
20550
29910
20760
20710
20621
20790
20860
20800
20900
20590
20770
20600
20791
20720
20800
20780
20790
20640
20670
20590
20620
20531
20910
20550
20760
20570
20610
20530
20620
20741
20850
20500
20720
20640
20880
20620
20860
20781
20640
20680
20800
20630
21060
20860
20790
20671
20690
20760
20810
4048894
39320
26680
22450
21350
21291
21010
20770
20910
21180
20820
20680
21230
21041
20720
21170
21080
21050
20690
20870
20760
20761
20760
20660
20740
20650
21110
20830
20750
20710
20591
20740
20900
20710
20820
20720
20720
20890
20821
20720
20740
20680
20660
20760
20670
20750
28241
20880
21030
20810
20780
20750
20640
21000
20821
20690
20680
20680
20780
20660
20790
21060
20951
20700
20580
20840
21000
20570
25170
20910
20811
20840
20780
20790
20630
20780
20690
20760
20540
20601
20740
20850
20800
20770
20680
20550
20580
20721
20690
20890
20640
20750
20920
27510
20470
20811
20700
20640
20680
20940
20540
20840
20670
21021
20640
20790
20660
20710
20820
20820
20630
20531
20570
20730
20670
20730
20540
20770
20580
20751
20980
20690
20610
20750
20920
20700
20520
20921
20850
20740
20740
20860
20700
20650
20560
20581
20610
20910
20560
20590
20530
4066334
33490
24450
21951
22020
21120
21180
21100
21250
20780
20850
20730
21181
20950
21260
20820
20600
20780
20960
20750
20771
20770
20460
20690
21080
20790
20780
21110
21061
20810
20780
20610
20850
20750
21020
21220
21041
20810
20830
21000
20820
20820
21000
20640
20681
29210
20680
20800
21060
21150
20850
20510
20641
20770
20600
20600
20780
20580
20600
20470
20851
20530
20590
20620
20690
20800
20560
21120
20991
20800
20660
20760
20640
20710
20650
20620
20771
20900
20740
20530
20710
20670
20690
20650
21051
20810
20690
20560
20840
20710
20700
20740
3038568
42041
26880
23270
21970
21120
21190
20830
20840
20961
20920
20940
20870
20830
21310
20590
20990
20751
20650
20640
21100
20660
20710
20730
20790
20630
20691
20520
20700
20630
20690
20720
20840
20580
20861
20720
20810
20740
20850
20650
20960
20640
20701
20820
20800
20690
29180
20660
20720
20660
20591
20630
20760
20870
20950
20730
20490
20680
20621
20590
20700
20620
20620
20480
20730
20710
20651
20830
25000
20970
20940
20600
21040
20770
20710
20621
20670
20620
20670
20650
20750
20660
20710
20531
20500
20490
20640
20620
20690
20600
20860
20771
20780
20570
1654710
29410
23270
21340
21120
20780
20900
20791
20860
20480
20670
20510
20460
20690
20750
21150
20961
33350
20680
20670
20730
20660
20650
20611
21300
20780
20820
20610
21000
20680
21060
20741
20680
20780
20630
20760
20670
20350
20870
20391
20620
20600
20970
20780
20550
20610
20620
20511
20640
20580
20640
20510
20600
20710
20510
20531
20730
20660
20650
20590
20680
20590
20660
20510
20520
28750
20670
20500
20570
20730
20690
20531
20550
20850
20760
20570
20610
20550
20690
20450
20641
20710
20690
20480
20500
20530
20640
25030
20681
20710
20790
20680
20470
20520
20730
20550
20671
20550
20730
20380
20450
20800
20930
20620
20671
21070
20560
20590
20730
20920
20640
20460
9059594
45240
27260
22770
21560
21210
21291
21100
21200
20870
20980
20760
21080
21510
21051
20690
20730
20780
20510
20570
21250
21200
20801
20940
20700
21110
20680
