68480
56300
56161
55510
55280
2215734
58570
55190
55671
55910
61300
56711
57190
56660
56031
56620
55850
55731
56140
56670
61901
56600
56120
56081
56430
56200
56971
56260
55100
55810
56301
56970
57050
55691
55920
56570
55941
63080
56870
56941
56710
56501
56290
57140
57201
55860
56070
55421
56320
57120
57171
57320
56570
55941
55520
4072474
59450
56560
56111
55840
56440
56411
56290
56190
55631
55940
56100
56541
56620
56890
56381
56440
62120
56091
55900
56230
55501
55450
56110
55791
56120
60750
55961
55670
56100
55291
56630
56650
56301
56300
61791
56080
56740
56061
55870
55650
56100
56631
57060
56560
56221
55590
55810
56221
56450
55610
55911
56010
6080736
61320
57451
56630
56520
56101
55330
55940
61221
55400
55590
55171
55850
55300
55671
55170
56320
77081
56170
55350
56141
56210
56390
55891
55140
55310
55541
56120
56480
56291
56690
56510
56071
55580
55590
63531
56440
56340
55781
55930
55730
56141
55540
55610
55331
56170
55960
55971
55490
55530
55691
55480
62310
55891
54710
55370
56441
55970
55450
55911
55960
56230
55991
56440
56550
56241
55510
55790
56081
56510
3081028
60400
56941
56970
56120
56231
56080
55810
55271
56490
56820
55841
56590
56710
56031
57000
56550
61791
56540
55500
55801
56050
56740
56631
56150
56060
58331
55960
55950
55961
55800
55700
55951
55820
56370
62361
55650
55930
55931
55670
55140
55011
55690
56620
56151
56290
56260
56571
55810
56610
55951
55580
55940
3067008
58231
56840
56330
56011
56720
56170
56381
55840
55580
55681
55690
55530
56431
55690
55850
55641
61560
55980
56281
55820
55960
55131
56290
56090
55721
56250
56390
55731
55960
56050
55831
55120
55540
55371
63420
55790
55881
56170
55910
55991
55780
56450
56081
55660
55450
56471
56620
56850
56091
55950
55600
55881
3067938
57920
56880
56171
55680
55470
56021
56090
57290
56381
56660
56590
56041
56320
55950
55451
54820
61640
56051
55670
56340
55981
57200
56510
55581
55830
58400
55521
56310
56100
55831
55970
56120
55191
55780
62710
56041
55910
56000
55831
55650
55830
56221
56310
56000
55821
55570
56400
55911
56030
56140
56421
55890
3067988
58370
56891
56620
55830
56191
55440
56020
56061
56240
56190
56231
55640
56010
56101
55990
55920
62801
56110
56130
56811
56970
56510
55571
55720
55520
55611
55990
56320
55871
55950
55610
55741
55620
55940
62191
55920
56340
56481
56360
55950
55501
56530
56200
55951
56470
55440
55961
55980
55150
55730
55571
55330
1979042
67290
56601
56420
55720
55811
56130
55930
55571
56560
55920
55640
56551
56490
55450
55801
55690
55770
56501
62920
55810
56171
55930
57040
55521
56090
56380
57281
57200
56660
57181
56810
55580
56331
55610
56250
5642594
86730
64930
59551
58790
58471
56970
64920
56691
57390
57320
56741
56470
55820
55591
56610
57650
56951
56050
55600
56031
56540
56090
55341
56440
122481
56120
55900
56231
56660
56970
56231
56590
56620
56291
56520
56080
56111
56090
56460
56081
63120
56440
56221
55810
56260
55701
56330
55520
58611
55690
55650
55281
55950
56580
55861
55460
56330
56251
728204
62610
58221
57570
57470
68811
56860
57070
56991
56650
56770
56521
56570
57090
56551
55800
56520
56601
56700
56810
56511
57420
56340
4071254
59381
58340
57080
56351
56950
57350
57301
56780
56220
57251
57290
56100
57301
57040
56510
57301
63910
57100
57241
56940
57060
56071
56340
56600
60041
56670
56450
55871
56220
56720
56041
56010
56280
55851
5073760
58340
57230
57411
56320
55960
56261
56180
56300
55661
55680
55700
56031
55820
55650
55201
55620
63900
56131
56470
56890
56441
57280
56330
55501
56860
56400
56051
56030
55710
55941
56310
56480
56541
56760
64380
56941
56490
55870
55871
55980
56580
56441
58580
55530
55781
55300
55470
56261
56900
55980
56621
76640
57150
56331
56230
55800
55771
56230
55710
55481
55470
55580
55851
56170
56760
56221
55680
56090
55891
3068208
58460
56890
55831
55620
57140
56631
56900
56660
55721
56340
57730
56451
56300
56450
56691
56400
63240
56361
56330
56870
56321
56440
56220
56021
55920
55830
55741
55570
55640
55641
55750
55830
55651
55450
68900
55461
55380
55360
56331
56320
56710
55891
55930
56020
55951
56430
55980
57131
57360
56590
55891
1643329
61781
58450
57060
57041
56680
56800
55801
62700
55860
55911
56440
56420
55901
56450
55610
56071
57730
56670
56611
56440
56611
56710
56980
56281
61750
55570
56461
55950
56860
56411
56150
55240
55641
55870
56330
56890
56011
57010
56780
56841
56760
56300
2082403
62730
58400
57181
56200
56230
55511
55930
55100
55961
55490
55050
55261
55930
55480
56911
56680
62790
55511
56400
56470
56501
56960
57060
56631
56870
55280
56271
55860
56680
56541
55770
56180
56751
55940
62820
56381
55250
55580
56431
56040
55970
55501
60060
56840
56311
55930
56290
56391
56480
56110
55441
4724648
90220
67631
59760
57290
74691
57380
56770
56191
56800
54990
56181
55070
55520
55721
56160
55270
56251
56010
56500
56991
56750
56900
64141
56930
57180
56511
55900
56080
57381
56400
56160
56001
55740
55490
55531
55450
55630
55321
55720
63170
55821
56370
55800
55611
56720
57030
56121
55600
61640
56141
55700
56610
55571
56910
56000
56571
56180
2086582
69421
60110
59110
58321
57680
57210
56881
56840
57140
56391
55950
56410
56451
56330
55370
56871
63910
56410
56661
57220
56270
56771
57080
56780
62091
56780
55810
56001
56580
56020
56351
57210
57950
62271
57590
57700
57141
56750
56220
56241
57070
56580
57771
56380
56230
56111
55940
56080
55841
55660
55690
3080408
63391
58220
57351
56230
56800
55871
56410
57320
56601
57480
56680
57751
56570
55900
55751
56930
63890
56131
55480
55690
55811
56430
56050
55791
55690
56120
55411
55840
55550
56231
55870
56170
56181
55970
64070
56491
56850
56070
55601
55550
55760
55431
55190
55250
56490
56911
56650
56640
56391
55410
56090
3072219
69590
61520
58631
57040
56750
56861
55870
57290
56931
56610
56330
56401
57090
56760
55781
55850
64390
57521
56810
56280
55651
55690
56220
55911
56320
60550
56311
56710
56700
57021
56780
55800
56531
56730
69570
56491
56600
57121
56660
55920
55571
56850
56650
56171
55960
56350
56111
55760
55790
57111
57660
3080028
77880
61051
58740
57581
56460
56740
56300
56361
56490
57390
57061
56870
56910
56081
55880
56730
64501
55810
56080
55771
55550
55840
55241
54880
55570
56461
55360
56300
55961
56010
55290
56201
56370
56290
62661
55700
55580
54951
55440
55870
56221
55980
55110
55171
55600
54980
55151
54670
55110
55151
55970
55360
5098310
71451
61670
57820
58441
57180
56720
56061
56180
55980
56391
55890
56070
55831
55420
55430
63031
54770
55710
54981
55480
54940
55701
56260
56420
56031
56230
56520
55961
56450
55650
55861
56060
56100
62331
56200
55460
56081
55590
56300
55111
55480
55540
55571
55310
55580
55441
56000
54880
55481
55350
55030
3097648
70881
59960
56841
55660
55960
55371
55760
55880
55451
55240
57280
55651
55180
54990
54801
55140
63550
56661
55900
56260
55911
55270
56690
55751
60770
55880
55451
56380
56120
55351
55030
54690
55591
62500
57030
57211
56150
55940
56241
55630
55270
56511
55900
55640
55831
55700
54990
55181
54540
54770
54751
3084398
80080
61901
57600
56810
56401
56490
56440
57171
56260
56790
56081
56190
56110
55390
55001
55540
64551
56130
55420
56120
55561
55780
54830
54881
54720
55680
55061
55190
56110
55381
56340
55420
55831
55200
62900
55081
55110
55180
55521
55790
56090
55651
54860
55310
55381
55480
55180
55671
55880
55030
54551
55580
3096868
67941
59290
57570
56051
56150
55370
56281
55840
56280
55511
55370
55740
56851
56070
56000
55511
64560
55590
55421
55270
54980
54851
54990
55670
60821
55200
54650
55381
54990
55110
54590
54781
55090
61630
55631
54950
54870
55421
55240
55270
55851
56530
55480
55511
56490
55150
55081
55700
55610
55431
55680
3081378
81351
61900
58040
56591
57330
56260
56081
55650
56020
56811
56770
57250
56231
55910
55900
56171
65310
55420
56111
56150
56690
56021
56560
56780
56011
55940
55880
56491
56650
56090
56931
57010
56160
56041
62900
56030
56031
56390
56290
55551
56670
56070
55881
55750
55840
56201
55710
55460
56131
55790
55350
3075158
80961
61270
57621
56570
55480
55721
56150
55950
55641
55580
55310
57121
56000
55870
57291
55350
62900
55741
55790
56010
56541
56470
56080
55761
55330
61330
54721
55040
55440
55421
55500
55790
55401
56080
62500
55551
55250
55090
55231
54850
55080
55351
55880
56020
55351
55290
56300
55551
56460
55700
55151
55760
3096538
69860
60041
58040
59040
58301
56980
56560
56871
56550
57250
56511
56520
57570
56831
56730
64441
56650
56090
55951
56010
55840
56111
56280
56290
56261
56980
56280
56511
56640
56060
56371
56580
56260
63751
55870
55980
55661
56290
55920
56161
56450
55890
56091
55920
55400
55961
55910
55910
55741
56160
56090
3099188
70071
60290
58171
58280
57280
56871
56450
56150
56340
56361
55830
55640
55631
55260
55110
64221
56460
56090
56261
55710
56230
56151
55510
55170
59951
55520
55791
55500
55540
55661
55290
55300
55531
62820
55380
54851
55130
55410
55801
55170
55620
54900
55481
55440
55720
56341
56240
56700
55641
55940
55840
3098089
71560
60390
57071
55980
56140
56861
56500
56120
55701
55530
55780
55811
56000
55560
55271
55780
64870
55361
54570
55090
55051
54870
55560
55841
55670
55410
55841
55600
55190
55401
55030
55960
55621
55700
62430
55931
55660
54900
54901
54900
55040
55221
55240
54580
55191
56260
56120
56151
55470
55740
56771
3079218
84590
62211
58810
57090
56421
56810
56140
56161
55760
55610
55801
55640
56340
56491
56020
56000
64951
56090
55490
55231
54940
54560
55311
55480
55470
60811
55720
55570
55051
55050
55020
55571
55100
55840
62111
55310
55660
55140
55821
55660
55410
55271
55220
55540
55171
55360
54940
55061
55260
55310
54931
55040
3078028
65190
59531
56510
56571
55870
56840
56311
56560
56160
55781
55570
55640
56041
56040
56050
55991
63920
55790
56491
55730
55650
55281
56620
56080
55151
55760
55960
56741
55860
55370
55850
56001
56500
55660
63671
55230
55640
55961
55120
55110
55001
54890
55980
55851
56000
55660
54841
55300
55510
54721
54380
55280
3079608
66381
59790
57731
57400
55770
56011
56010
55930
55511
55610
56350
55701
56000
55660
55901
55420
64780
55811
55680
56190
56061
55290
55210
55191
60270
56090
56151
55360
56020
55651
55570
54660
55211
55800
61510
54711
54910
56160
55761
55280
54910
55121
54800
55390
55531
56210
55750
55241
55550
54910
55231
55590
3082798
63770
58271
57500
57150
57011
56800
55920
56581
56560
56130
56501
55850
55830
55871
55870
56130
62771
55700
55710
56431
55970
55930
56321
56330
55950
56061
55830
56650
55471
56210
55380
56191
55740
62350
56361
55070
55510
55751
55470
56050
55831
56170
56490
55651
55180
55130
55601
55850
55340
55861
55410
3074058
71880
60901
57490
57300
56431
55850
56870
56601
56260
55950
55321
55840
56440
55751
55820
56060
63141
55900
56630
55881
55910
55970
56081
55870
56330
59981
57080
56370
55971
55670
55520
56251
55760
56650
63941
55500
55790
56581
55420
55720
55061
55120
55900
55931
55130
55900
55821
55970
55370
55671
55350
56160
3079558
66301
59440
58191
56930
56930
56351
56220
55970
56411
56370
56630
57021
57080
56640
56801
56640
62960
56301
56860
57440
56211
56120
56270
55981
56970
56390
56781
56610
55980
55841
56620
56070
55451
63400
56460
55761
55690
56170
55541
55740
56070
55681
55420
55820
55481
55810
56310
55861
56700
55930
56191
3071688
62710
57940
57141
57150
56340
56601
56610
56130
56401
56780
56020
55591
56590
56040
56171
56200
63180
56721
56510
55990
56041
56120
55900
56451
56240
60260
56631
56190
55520
55681
55710
56650
55361
55940
60640
55441
55770
55930
55491
55380
55200
55471
56060
55560
54941
56180
55670
55861
55880
55750
55681
56080
3094088
69500
60051
57580
57551
56820
57090
56730
56711
56950
57280
56471
56440
56280
55951
56400
56680
64131
55560
56281
56290
56490
56081
55860
56680
56331
55600
56030
56731
56470
56120
56231
56820
57030
62921
56670
55470
55961
55980
55930
56071
56700
57250
56601
55900
56430
56541
56140
56020
55811
56070
55420
3084128
65541
59520
57920
58151
57150
56800
56581
57900
56700
56271
56430
57350
56791
56580
56220
56371
83250
57111
56720
56820
57161
57510
56230
60301
56210
56920
56141
57040
57020
56501
56440
58140
56651
63250
56380
56101
56190
56210
56061
56280
56640
57191
56580
56250
56571
56030
56420
56071
56500
56770
3084748
74491
59830
56941
56740
56910
56761
55820
56900
57521
56720
57150
56841
56840
55990
56491
56830
63660
56521
55760
56070
55551
56410
56250
55801
56590
56350
55981
56080
56460
56071
