204571
211811
191921
166381
165571
165411
166051
165721
3180489
180771
170831
167351
167081
166531
174351
165681
165471
165441
165391
165181
173601
166361
165461
165351
165081
164801
3186629
177341
169031
167821
167171
165811
173621
165421
165400
170291
166391
166051
173111
164521
164581
165311
165061
166371
3193759
178131
169441
167581
167741
166661
175971
166101
166671
165881
165951
165241
172911
165471
165901
166291
165691
165181
3192309
172461
167691
167251
167641
174741
165661
165641
169121
165571
165871
174051
166101
165441
165831
165921
165721
3182518
179591
169751
167771
166721
166421
174351
166231
166661
166191
166511
165451
174461
165821
166181
165821
166301
165921
3187839
178101
169041
166441
166601
167461
190751
165471
170231
167461
166211
166571
173811
166411
165291
165151
166501
166151
3195039
174241
168891
168801
167151
175181
167001
166301
166781
166091
167181
173901
166101
166130
165761
170401
166441
3182089
182221
170381
166811
166431
165491
173541
167291
167281
171941
165981
165961
173441
165771
166381
165971
166231
167021
3186629
177671
170201
166671
166291
166121
173421
166161
166831
165671
166251
166181
172381
164711
164451
164761
165791
165181
3186908
173761
168931
167551
166451
166731
174081
167421
170051
166491
166361
173621
167911
167021
166481
166201
167021
1721070
176011
167011
175501
167071
166821
170781
165851
166441
175941
166281
166141
166211
166401
165401
174131
165011
165481
164661
165781
166011
3196079
170261
165051
165421
165181
169621
173281
166231
165831
165981
165611
165641
172061
165221
165311
168491
164341
165051
3182598
163721
167021
165111
164721
165311
173051
165381
164841
163991
165071
164991
173741
166251
164901
165601
165151
164941
3184639
164821
163751
165061
164281
164591
172231
165251
165190
165541
165251
164651
171331
165101
170181
166351
165601
165431
2060992
166861
163811
164461
165631
165231
3181069
171721
166181
165071
164951
165621
172871
165551
165891
170481
165711
165031
173571
165311
166231
165811
166211
164951
3178878
168301
166091
165881
165271
165531
172941
164841
165191
165751
165361
166171
173411
165741
165271
164801
165971
165271
3180879
169171
165881
164951
165781
166581
172921
165351
164991
169181
165721
165681
171871
164861
165551
164761
164861
165521
1585089
166351
165021
172001
166111
164561
177961
165761
164891
172341
165991
166331
165761
165561
166671
4177994
189861
174991
168661
166421
165911
175721
166501
165931
165181
165541
164991
172821
164901
165081
169851
165571
165201
3186129
181931
171421
170571
165541
166111
174191
165271
165911
165391
165751
165891
173091
166651
166141
165621
166061
165231
3190038
178471
171181
167541
166471
165321
172631
166011
166771
166091
165861
166041
172251
165321
168901
166431
165551
165721
3204149
173601
171271
166051
166931
175221
166491
166111
165671
165411
165891
174071
167751
166531
165941
165921
165261
3193129
185571
174161
168731
166641
166831
174301
165871
166721
165821
165361
166611
175991
165271
165041
169011
165231
165721
3202398
181022
176511
166861
165731
173331
165961
165101
165571
165580
164461
172031
166461
165461
165731
165571
165201
3180059
189211
172061
167841
167621
167181
174071
166191
165421
164871
165521
165331
173661
165521
165141
171081
164861
164451
3184869
180531
170791
172271
166741
166411
174331
165781
165681
166551
165181
165261
175121
165511
165481
164911
165361
165731
3187898
176581
169191
166931
166791
166441
174631
165751
165771
166021
166571
165701
172331
164891
168141
165441
165351
165191
3208799
181991
177911
169991
169131
175941
167991
168311
167461
166941
166531
173251
168071
167651
166971
166401
166341
3190679
181741
173381
170071
168591
167831
174361
167581
167301
167711
168011
167791
173771
167071
171061
167521
167461
167811
2564275
170731
166281
174701
166421
165981
170241
165931
165211
174011
165191
165471
165421
165991
165581
173191
165541
165941
165901
165711
165400
6286157
224982
179631
173601
169461
177131
168021
166371
166281
166691
165631
173701
165871
165561
165031
165711
165731
3205319
180091
170981
167381
166021
173931
166971
166631
172711
165731
165751
173231
165861
165671
165860
165121
165521
3185759
187391
173951
169541
166311
167721
175341
166601
166671
166211
166341
166031
174321
165961
166981
166001
165431
165861
3191249
179601
171271
167381
167211
166881
174121
165871
167871
165981
165161
165481
173611
165171
165501
165111
165541
165881
3197339
178671
171021
167141
166861
173721
167131
165871
166281
165930
166071
172831
166271
166341
166111
165931
165561
3179599
187011
173311
169211
167221
167921
174311
166201
166061
169501
165231
164971
172761
166381
166131
166241
166031
165921
3189899
182771
171881
168161
166581
166931
174581
166481
166631
166171
165531
166721
174481
165671
165601
166411
166631
166111
572713
166721
165041
172801
166751
165561
166201
165751
165551
173831
165751
165321
165511
165211
165161
172721
165041
165261
165471
165471
165051
3183318
184531
173431
168221
166941
165881
174091
165511
164421
168931
165511
165541
172761
165401
165601
165031
165181
165651
2824457
175461
176021
166381
166331
165451
165181
165511
172611
165471
166071
165321
165211
165291
177161
164901
165571
165521
164011
164970
4231845
190362
178961
169151
167121
175331
167151
167141
165271
165901
166261
173001
165461
165661
165211
165630
165171
5212761
189891
172081
174221
166611
166951
174821
166781
166481
166951
166461
165971
175021
166441
166451
165781
165971
166381
3208769
167501
166601
166651
166121
172851
165831
166631
166481
166561
166321
172821
166231
166481
171531
166031
166051
3184668
176732
167590
171191
166181
167221
175291
166401
166381
166291
166051
166541
175591
166041
166191
165341
166161
165991
3186479
174031
166551
165931
165871
167601
176131
166891
166261
166371
166201
166291
172591
165091
164961
171411
167341
166061
3189099
172711
170851
166531
165751
165860
173092
167291
167071
166221
166031
167081
173951
165861
165990
166931
164621
3183309
185511
170021
167111
166881
167461
174841
167071
166601
167021
167321
167431
173331
166601
167001
171691
165931
166531
3183169
177401
168691
170791
166801
166791
174641
165571
166461
165581
166881
165191
173851
166241
165681
166091
165401
165651
3187898
172391
167701
166001
165181
166881
174841
165371
165471
166041
166041
164761
171681
165831
165491
169471
165791
165001
3190659
172691
170341
166881
167161
173421
166941
165441
165561
165641
165891
173771
166521
165141
165341
165431
165811
3203229
181681
169861
166171
166131
166591
173151
165611
166760
166731
166621
166211
174251
165931
165451
170591
166501
165861
3185989
175971
168791
172751
167401
167171
174521
166131
167141
166271
165821
165811
174131
166461
167041
166261
165871
166141
3182589
169401
166421
167021
166941
166711
174191
166391
166461
166911
166030
166311
173732
166140
169862
167601
166931
166561
3181588
166581
170451
166691
166901
173871
167041
167181
166351
166611
166511
173351
165671
166561
166941
165731
166321
3178719
171381
167501
166381
165491
166271
173001
165791
165921
166181
166601
166201
173611
166231
165671
170121
166760
165651
3180159
169851
165851
208911
227792
219181
165241
165841
166511
166021
167061
172911
166141
166611
166001
165621
165881
3179938
169981
165561
165801
166011
165291
174501
165471
164741
165271
165151
165261
172661
165241
165751
170881
165821
165851
3180579
170041
165811
171331
165961
166411
174641
165891
166751
165781
165191
165511
173131
165391
165891
165631
166141
166291
2189793
168771
165961
166230
165491
166641
173671
165361
166361
165271
166281
165971
172351
164611
166651
166221
166101
166341
3181299
168841
165471
165661
166551
165381
173291
165881
173281
167251
165791
165691
172981
165001
165691
165121
165821
166271
3181238
166561
166031
166111
165811
172351
166891
165461
166281
165791
165301
171851
166531
165861
166491
166401
166401
3176269
174031
167241
166591
165691
165911
172991
166571
166001
170141
165621
164871
172251
166241
166591
165751
165861
165941
3178298
169001
165571
165231
165861
166331
172931
165491
165811
166341
166241
165851
172721
165991
165661
165901
164961
166131
3192109
171541
166901
167231
166241
166701
173461
166181
165551
170011
166141
166821
173871
165671
166461
167661
166191
165211
3178808
169651
165751
166061
166121
166371
172721
165961
165071
166091
165241
165671
173351
165971
165041
165371
165611
165751
3188369
168181
165351
165171
166741
166551
173161
166981
168681
166531
165400
165441
172481
165301
166641
166121
166181
165631
3179979
167011
165051
166201
166291
166381
172431
164881
165491
165771
165571
166121
173291
165441
164971
166941
166301
165941
3180669
167130
165251
165671
166041
172961
167561
165471
169761
165551
165601
171041
165891
165681
166251
165961
165741
3175429
173311
166941
166011
166791
167351
173041
166161
165311
165621
166471
166571
172961
165961
166151
165801
166701
166351
4179214
171821
166071
171231
166551
167481
173561
166521
165661
165901
165861
165781
172111
165631
166101
166631
166121
165921
3179789
169931
165921
165101
166241
166001
174071
166271
166021
165981
165771
166101
173261
166351
165521
170531
166321
166031
3180068
168351
166101
170621
166071
165851
173111
165981
166851
165671
165601
166871
173931
166351
166731
166711
166411
165801
3182059
169021
166611
167381
166491
167791
174571
166501
166091
165420
166061
165681
174471
165981
168211
166701
165551
165441
3180979
167601
169211
166571
166281
172811
166791
165551
166251
166021
166321
171981
166391
165521
166121
165981
165541
3174009
175631
167621
165561
166130
165471
173351
166441
165481
165861
165541
165921
172761
166321
165621
172731
165871
166661
3177019
171941
166301
170501
165381
165091
172651
166211
165391
166271
166331
165201
172341
165651
167341
165201
164611
164461
3177928
170291
166771
166221
166461
166741
173111
166091
166661
165881
165391
165581
173961
165531
166291
171281
165851
166211
3178789
166751
165911
169701
166041
165671
172961
165291
165261
165651
165431
166471
172541
166981
165181
165591
165581
165661
3179108
167611
166961
165781
165311
165991
173381
166071
166391
167171
165821
166391
174071
166021
166151
170331
165661
165071
3182039
168031
165021
169261
165931
166011
173301
164921
166471
166001
165701
165881
173151
165901
165431
165361
165261
166671
3181138
168221
165701
166441
166461
166071
173891
165701
165781
166131
165561
165141
172641
165921
170221
167031
165831
165741
3179109
165691
170501
165471
165601
173231
166491
165491
165330
166021
165761
176281
166281
165721
166371
166031
165141
2043432
176141
165391
164961
166471
166231
166041
172971
166151
166161
165631
165821
165311
172851
165711
165401
165681
165481
165211
3176799
167391
165281
165151
165541
165481
172561
166351
167871
171421
165141
165931
172751
165391
166631
165851
165191
165111
3180478
168521
165441
166001
166291
166441
173801
165941
166371
166161
165911
166101
173721
165661
165851
166641
165351
166251
3179719
168441
165691
166131
165281
166151
172431
165490
165301
169131
165591
164971
172351
164691
164531
164361
164901
165441
3175669
166151
164451
164971
165221
165851
172041
165311
165391
165121
165381
164961
172551
166021
166491
165491
165781
165121
3177948
166381
164391
164851
166071
166361
173241
165641
166171
169791
165491
166351
172741
165261
165721
165871
164851
165021
3178779
166671
164731
165321
165321
165410
173272
165751
171211
166201
165761
165681
171711
165860
165471
166091
165321
168661
3182559
166761
164801
166091
166301
172761
166431
165151
169591
167241
165621
172331
165841
165341
165381
165791
164961
3173788
171461
164831
165171
166751
166011
171711
165821
166191
165381
165821
165801
172351
165551
165361
165401
165491
165531
3175149
169491
164781
165601
166091
166061
173421
165411
165461
171151
165351
165751
172341
164831
165451
166031
164671
165811
3186398
173711
166121
165081
165481
166011
173691
165771
166481
166781
165301
165411
172961
166171
165971
164801
165001
165721
3177619
169591
166311
166211
166241
166001
174041
165141
165711
170491
165691
165771
173441
165321
164911
165161
165350
166011
3183319
169741
165471
165511
166251
166371
174551
165661
166201
165421
165791
165891
172371
165211
165711
165711
164481
165201
3179779
167341
165231
167161
166470
166061
174271
165501
165711
170441
165571
165781
172721
165451
165281
165621
165151
165631
3185179
169961
166221
166461
165481
165871
173861
165251
165491
166011
165831
165521
171911
165161
165621
165411
165041
166241
3177978
166011
165271
165381
165751
166131
172471
165311
170471
166701
166231
165521
172601
165641
165841
165781
165761
165321
3180479
166601
164711
165021
166431
165631
173001
166061
165521
165481
165241
165161
173661
165781
165791
165611
166290
165261
3180619
165671
165221
165431
165781
171801
166981
165791
172231
166221
165081
172521
165201
165651
166061
165321
165301
3184599
182521
167451
165441
165671
166101
174501
167171
166871
165961
165831
165911
173161
166001
165460
165281
165491
165641
3177729
168191
165851
165631
165571
165881
173641
165541
165801
172941
165111
165191
173171
165411
165921
165711
165761
165361
3181108
168922
166981
166150
166091
165961
172822
166060
165471
164461
166241
167481
172571
165231
165021
165571
165691
164831
3182049
168561
166071
165541
165121
165201
173451
165201
166651
170221
165311
165861
172751
166121
165721
165811
166671
165391
3179688
167661
164671
166221
166151
165821
174211
165461
165921
166501
165701
165531
173221
165541
165571
164921
165851
166811
3180409
169341
165801
164871
166011
166561
172541
165501
169111
166071
166411
165531
173321
165631
165951
166311
165451
166181
3184398
167871
165811
165241
166081
173291
166881
166101
164981
166521
166261
172091
166641
164981
165031
165491
165061
3174939
171891
164641
164821
165811
166850
172241
165711
165891
170961
164911
164941
171571
164741
164861
165101
165011
166451
3176289
172031
167551
165911
166611
166781
172731
166801
166591
166111
166601
165691
173751
166531
166491
165621
165661
166111
3179508
168841
165951
166361
165661
166151
172831
165861
165251
171501
165281
165681
172821
165961
165821
165661
165881
164881
3183389
176611
168871
166521
167211
166161
174781
166461
165741
165501
165371
165531
173141
166171
165261
165641
165431
165341
3185278
