1049616
66280
57841
56600
57060
57921
57590
56240
55721
56030
56150
55471
55230
56840
56391
56090
55700
63371
55350
55460
55461
56430
56120
56311
55960
56940
56231
56790
56220
56341
56020
56260
56281
56210
56330
64741
56680
55830
56371
55590
55320
56021
56290
60280
56741
56720
56400
56271
56250
56510
56591
56080
56020
8146438
73051
63010
59060
58001
56480
56540
57021
56200
55500
56401
56260
56160
56611
56570
65860
56491
56290
56190
56571
56070
55980
56441
56210
56310
55981
56130
57640
56111
57280
56320
55881
56490
63400
56811
56360
56340
56261
55680
55890
56761
55730
56540
55271
55880
55500
55491
55020
55450
55581
55500
3117708
68841
60320
57980
56521
56860
57060
56791
56890
56760
56791
58160
55681
56080
56300
56131
64070
56330
56341
55830
56760
56051
55800
55610
60331
56670
57110
56871
56160
56610
56931
56680
56060
62711
56520
56210
56121
55970
55690
56231
55390
55980
56110
55691
55330
55530
55811
55390
55760
55751
55530
3098488
78391
65510
59201
57730
57030
56491
57340
57700
56611
57230
56940
56751
56140
56110
57211
64470
56790
56421
57180
57070
56611
56860
55850
55751
55980
56320
55251
55260
55610
55481
56110
57050
56531
63610
55820
56191
56270
55560
55821
56200
55400
55651
55620
56610
55951
55880
55290
55571
55780
55680
55810
7111362
76251
62420
58991
57840
57130
56101
55890
56450
56351
56820
56030
55761
55820
55580
55411
64260
54600
55921
56240
55310
55191
55710
55750
60391
55480
55450
55781
55730
55510
56051
55850
55820
56321
63460
55680
56891
55750
56600
55571
55590
55790
55601
55780
55750
55611
55900
55240
55211
55040
55480
55270
8129558
71621
62030
59110
57661
58280
56810
58051
57190
56240
56631
56160
56540
56521
56870
68081
57180
55730
55010
55091
55800
55500
55191
55720
56430
55731
55880
55170
55581
55240
56000
55961
55800
62540
55541
55050
56100
55041
55480
55320
55591
55860
60620
55541
55140
55250
55481
55350
54960
55391
56070
3102788
77141
65070
59660
57791
57960
57591
62920
57640
57011
56810
56610
56271
57030
56860
56061
63920
56510
57181
56240
56280
55441
56450
56970
55531
55600
55960
55481
55890
55350
54690
54751
57220
55820
63111
55550
55740
55651
56750
55830
55861
55450
55960
55481
56470
55801
55100
56470
56611
56650
56420
9119474
101400
70051
62260
59211
57660
62540
57461
56980
57200
57421
56520
56320
56061
56070
55750
65751
56070
56590
56401
56210
56030
55841
56000
55540
55591
55870
55120
56321
55750
55740
56461
56190
62540
55931
56500
56210
56441
55910
56270
55401
55620
55370
55371
55970
56100
56211
55830
55940
55731
55320
6092376
83970
64991
59540
57620
57131
56770
56700
56091
56690
57260
56021
56240
56410
55831
55800
55670
62851
55530
55170
55181
56380
55440
56061
55710
55880
55571
55630
55720
55581
56050
54910
54641
55990
62040
55741
55150
56070
54991
55610
54910
55021
55010
55560
55540
55431
55300
55960
56061
56250
55390
55801
7096822
87930
65831
59220
58630
57521
57360
56550
57041
56410
55860
55781
55920
55230
56150
56091
64010
56341
55860
55280
55370
55851
55980
55740
55971
60600
56150
55911
55600
55440
55311
56400
55220
55001
62280
55980
55991
54750
55710
55721
56270
55840
55521
55900
55700
55391
56090
55640
55561
55260
55440
55331
4790538
78930
63381
58310
76780
56841
57520
56720
56891
56880
55951
56110
55900
56411
56270
55860
56041
55710
55940
57311
56210
55910
63881
56500
56310
56441
56270
56340
55961
56360
60980
55951
55460
55700
55411
55620
55240
55051
55180
65350
55231
55220
56300
56231
56560
55500
55810
55621
55490
54880
54701
55460
55790
54851
56060
55880
55911
6113836
77670
64111
59660
57980
57741
56720
61720
56421
56800
56860
56711
56750
56460
55991
56370
70180
56581
56560
56480
55751
55880
57090
56491
55770
55300
55041
56550
55860
56651
56340
55870
55671
63610
56160
56081
55490
55200
55511
55520
55640
55771
55540
56000
55341
54930
55630
54931
55150
54780
55421
7131022
94740
67531
60090
57980
58431
57060
57320
56361
56650
56780
56951
56470
56670
56471
56540
66140
57001
56610
56480
55761
56010
55380
55091
56260
55870
56291
55970
56590
56611
56340
56250
56531
62680
56070
55811
55930
55390
55791
55980
56810
55791
60850
55560
56391
55770
55440
56481
55820
56650
56061
8115877
78321
64320
59281
58790
56980
55971
55650
55880
56741
55680
55880
55390
55541
55710
54970
64231
55240
55520
54901
55160
55440
54881
55590
56050
55761
55350
54730
55801
55260
56080
55661
54860
55640
62481
55440
55360
55191
56040
55190
55941
55160
56050
55461
56080
55780
55941
55030
54810
55261
55640
55400
8218149
77600
65091
58990
57630
62851
56990
56740
56031
56020
56960
56331
56020
55990
4223175
78151
64380
58790
57311
56200
56970
58051
57120
57070
56191
57160
56290
56801
68080
56340
56231
56010
56390
55541
56340
55360
55251
55560
56010
55771
56280
55510
56691
56600
56120
55831
63860
55310
55841
55930
55610
55591
56280
55730
55551
55270
55070
55561
55760
55280
55191
55330
55320
55961
9109863
71921
62940
58380
56651
56950
57130
56201
56980
55790
56081
56110
56290
56411
56340
56390
64581
55510
56180
56111
56610
55340
55981
56420
56350
55821
55870
56500
56421
55770
55700
55241
55790
56310
67431
57090
56690
56481
55630
55470
55871
55110
55770
55771
55100
55250
55591
56000
55030
55301
55540
5204001
88760
66951
60380
57380
57191
56700
56060
56391
56120
55260
55280
56631
56530
56500
67561
55630
55411
56180
56240
55631
56290
55710
56480
56111
56330
56850
55901
55750
56520
55891
55860
63190
55831
55810
55700
55731
56240
55540
55771
56370
55760
56121
56760
55901
55610
55400
55180
55631
55790
7162422
78581
65730
60540
58191
56890
57410
57031
58420
57320
58031
57350
56340
56361
56750
67481
56720
56610
56871
56410
56420
55971
56430
60890
56421
56600
56240
55781
56430
56190
57071
57220
65610
56941
56710
57280
57281
56930
56900
56401
56160
55740
55861
56020
56000
55201
55270
56450
56581
56230
6140806
80191
65630
60390
58341
57510
63150
57731
57490
57070
57151
57070
56710
57361
56810
68690
57141
56590
56360
57441
55940
55660
56241
56600
56270
56291
56940
56340
57341
56700
57540
56011
55650
64440
56431
55950
57580
57251
57330
56860
56771
56600
56930
55931
56040
56920
56991
56660
56410
56531
4098654
85400
66191
62180
59451
58020
57280
56651
57060
56070
55831
56530
56270
55851
55940
55260
65681
55700
56540
56081
55290
55910
56121
57040
56080
60951
55420
55710
55221
55470
55640
56000
56051
55910
62371
55370
55630
56011
55620
56020
56081
56090
55690
55331
55930
55820
55281
55750
55770
55701
55180
55520
9537066
76711
65350
59410
58281
56530
56680
56501
71130
56871
56950
56880
56311
55900
56230
56631
61010
56580
56161
56150
56130
56791
56230
56490
55821
55990
67930
56341
55860
56220
55721
55770
55080
55201
55510
55410
55581
55540
55550
55331
55190
55070
56441
56400
63280
54961
55760
55960
56011
55240
55830
55650
55691
55200
55340
55171
55950
55990
56051
55370
55810
5082420
91301
67040
59991
59240
58400
56671
63590
57350
57401
57060
56690
56921
56580
56130
56541
68690
56500
56051
56070
56520
55701
55940
56030
55821
55160
55450
55301
55430
55530
55811
56270
56260
57091
62890
56040
55481
55500
55620
54981
55280
55300
55071
55970
55800
55771
55750
55710
55201
55800
55710
55631
5787154
76970
65401
58590
71860
56761
56890
56550
56451
55620
56860
56151
56470
56630
55551
55390
55690
55611
55810
55620
55801
56150
63390
55911
55660
55510
55311
55430
55090
55021
55540
55770
55201
55340
55670
55291
55470
55950
55481
55680
61870
56381
55870
55890
56351
55840
56630
56901
57150
56450
55601
56080
55210
55400
55971
56420
56130
8918843
86220
84331
60280
58701
57590
56700
56751
57070
56730
56111
56190
56310
56131
55640
56160
56201
56220
56330
64571
56380
56380
55881
55410
55190
55531
55740
55390
56081
57040
56510
55821
57300
56240
56141
55390
55430
63471
56070
55870
56321
55360
56200
55901
56090
55650
56041
55960
56440
56311
55330
55570
55791
56980
55990
8647281
75761
63230
59540
58121
57490
1217797
83501
62350
58440
57061
55760
56680
56301
56600
55720
56031
55950
56020
56571
56530
69340
56901
57030
55930
55561
55720
55880
55911
56050
56080
55551
56200
55720
55841
56170
55800
55041
62540
55380
56261
56440
55860
55971
56980
56610
56241
60660
55330
55961
55850
55610
56251
56040
55830
56571
7121342
76050
63390
59531
57090
57090
56551
62560
56510
57681
56700
56861
55860
56740
56751
57190
70020
56251
56260
56380
56051
56350
56350
55841
56240
56060
56631
56840
56640
55311
55420
56260
55871
63060
56400
55811
55920
55720
56021
56200
55710
56240
55871
55830
55800
56451
55560
55440
55801
55580
56840
6141507
79360
66291
59590
57910
57371
56200
56000
56191
56050
56290
55581
57150
56270
56231
55750
65940
56031
56310
56350
56471
56330
55840
56541
56310
55570
56441
56270
55140
55480
55261
55920
55640
63101
56220
55800
55831
56310
56401
56910
56180
55881
55260
56000
55931
55970
55520
55231
55530
55540
55461
8061867
78550
63991
59430
59060
57251
57930
56550
62591
56000
56040
56031
56480
56190
55851
55340
55620
65181
56290
56561
57160
56710
56751
56810
55770
55970
56871
56010
55640
56671
56510
56000
56121
56330
65351
55580
55850
55791
56180
56460
56441
55970
56300
56441
56550
56030
56461
56150
56060
56711
56140
55840
6261367
79811
65690
59830
57781
56840
56060
56991
56100
56450
57961
57780
56810
69281
56630
55400
56911
56020
55920
56231
56380
56500
56711
56270
57440
56801
56840
56530
56181
55770
56090
63981
56420
56260
56511
56170
56140
55871
55650
55850
55841
56200
55800
56601
56230
56550
55931
56430
55740
8055258
72470
62810
60131
57910
56450
56591
56280
60720
55421
56120
56180
55481
55880
55690
55481
56080
65211
55570
55740
56841
56200
55690
55820
56301
56750
56470
55241
55250
55710
56221
56140
56560
55481
55810
6030196
73030
61760
58621
57410
57180
57201
56760
61250
56071
56930
57300
56791
56530
56920
56031
56730
3015648
93350
62401
57770
56840
56001
55890
56000
60261
56430
55860
55781
55650
56090
56071
57020
55880
55551
64620
56290
56061
55500
55750
55141
55840
55760
56091
55770
56520
55851
56120
55500
55391
55650
55690
55151
63100
55590
55611
55150
54810
55261
54990
55330
55231
55770
54710
54821
55040
54660
55201
55450
55120
56281
8571140
70141
61400
57900
58301
57630
56880
57251
72150
57140
56331
55290
56090
56091
55840
55020
61251
55790
56390
55641
55910
56280
55641
55500
55100
63191
55570
55240
55581
56130
55980
56011
55940
56020
55931
56210
56600
55731
55300
55470
55711
55230
55820
68981
55930
55410
55151
56040
55940
55481
55340
55400
55351
56130
55900
55681
55760
55050
55431
56510
56230
9128324
74100
64391
58600
56480
56781
61270
56450
55831
55390
55220
55491
56700
55680
56421
55900
64730
55751
56430
55210
55801
55540
55710
56011
56160
55890
56071
55710
55210
54791
55210
55590
55181
63370
56490
55401
55080
55560
54941
55490
54990
55031
55370
55050
55541
55240
54850
55871
56760
55710
55581
6155256
86100
65441
58390
58220
56421
56980
57110
56551
56310
55910
56221
55310
55980
56441
55880
65540
56321
55940
55820
55231
55050
55250
55751
55700
55210
55201
55100
55620
56051
55130
55550
56081
63230
55640
56131
55770
55650
55131
55960
55560
55611
55110
55270
55081
56540
55220
55521
55860
55420
55271
2234233
73520
59760
57561
56780
56780
56671
56730
57470
56961
57680
57280
56511
56120
65021
56080
55710
55801
55430
56070
55361
55220
55640
55731
56250
56060
55801
55490
55540
55131
55810
56930
63411
55870
56780
56871
55790
56790
56411
56000
61090
55791
56700
56490
56111
55580
55430
55791
56160
55630
2479335
56530
55840
55901
55990
55870
55671
55650
55470
55371
62840
55790
56011
55030
55220
58371
55290
55610
60281
56130
55570
56081
55490
55680
55631
55000
55550
55201
62510
55920
55761
55330
55760
56011
56780
55750
55601
55090
55670
55721
55540
55650
55621
55820
56090
4068594
82831
62120
58160
56571
57130
56430
56061
55630
55540
55341
55600
56030
55411
55270
54920
55781
63760
55750
56101
55710
56080
55261
56600
55760
56241
55930
56050
55421
56730
55690
55451
56130
55580
55461
2182513
66310
57510
57871
57360
55200
55801
56180
55670
55351
55480
55640
55671
55040
55630
56321
63820
55560
55151
56140
55860
55111
55530
55250
55291
55830
55520
54960
55541
55310
55900
55771
56390
5116450
94521
68110
60951
57530
56970
56981
57030
56520
56971
56570
56690
56081
56560
55790
56401
108560
56330
56531
56190
56030
54941
55660
55810
55471
55340
55680
55941
55590
56390
57151
55690
56361
63330
55230
55601
54880
56360
55321
55980
