84451
77040
76391
76110
75841
82570
77051
76010
76131
75700
75820
75811
75950
76091
75980
76521
76600
76241
3085357
87601
78090
77511
76760
76241
75900
75861
76430
76280
76221
76780
76641
85640
76411
76330
77161
76940
76111
79580
76960
76451
76510
75761
76310
76151
84450
76951
76580
75981
76940
77110
75991
75900
76131
76250
75931
76620
76321
3101697
95371
81030
77151
76030
76141
76360
76361
76680
76211
76180
76220
76231
84720
75741
76420
76361
76160
76011
76640
75951
75660
75590
75861
75850
75811
83900
76361
75770
75851
76510
76070
76021
76050
75731
75930
75851
75880
77011
3096957
80231
77460
76831
76170
76541
75870
78731
76030
76261
76240
76090
83091
76820
76581
76160
75901
76200
79291
76860
75990
75831
75760
75771
76010
83421
77110
76481
75950
76180
75811
75680
76071
75920
76181
75930
76271
76030
3086718
88370
78691
76540
76191
76060
76271
76320
76151
76010
76030
75961
75940
84511
76480
76101
76670
76171
75890
76110
76211
76330
76481
76300
76231
76830
83311
76600
76041
76190
76140
75971
76010
76161
76100
77361
76200
76151
76620
3101658
93330
80561
76430
76061
76580
76131
76350
76631
79190
77460
75611
76150
85121
76290
75961
75610
75421
75930
81501
76000
76020
76561
75830
75451
75400
84191
75670
75801
75660
75640
75981
75450
75411
75850
75271
75720
75941
75540
3036318
90590
80311
77830
76481
76350
76620
76751
75990
76831
76570
76451
75770
86370
76671
75950
76441
76480
76451
76060
76331
76300
76521
76190
76310
76001
123311
77760
76080
76171
75770
75771
76180
76261
76010
76281
76270
77010
83081
77010
75791
76080
76061
75850
76931
81370
76001
76390
75800
76201
76440
83061
77320
76031
75930
76431
76250
76130
75891
75820
75901
76190
76151
76350
3101618
101881
85020
78771
77490
76980
77491
76820
76951
77050
76641
76210
76411
85070
77621
77200
77110
78111
76700
76581
76810
76261
76270
76381
76530
78011
84410
76980
77111
76960
76471
76270
76431
76600
76451
76320
76620
76371
76140
5132500
88881
81170
78331
76970
76430
76551
76270
76781
76950
76521
76280
86121
76720
76531
75980
76380
76041
76320
76391
76130
76141
76060
76061
76620
83930
76751
76490
75901
76050
75541
76040
75900
75701
76520
75921
76130
76151
2511164
89621
80110
77241
76550
76241
76610
88151
76690
76680
76711
76750
76101
76540
75881
76470
76521
76100
76640
76131
2244043
91630
80901
77790
76601
77460
77551
76700
76601
76710
87811
77540
75880
75891
76750
76791
76870
76251
77590
76451
76540
76210
76121
3239419
102200
85121
79100
76861
76410
76951
76200
76701
76300
76110
88911
76560
75631
76280
76981
76020
81921
76060
76450
76091
76000
76061
83620
76751
76150
75531
75920
75660
76041
76250
76641
75480
75271
75580
76051
75940
2121672
85821
78740
77271
76110
82841
76540
76431
76410
75910
75921
75770
85161
76350
75721
76260
76121
76030
75910
76191
76320
75901
76400
76061
77620
83631
76060
75541
75840
75760
75741
75740
75821
76530
75801
76100
75720
75711
6082015
100031
83760
78581
77110
76471
77020
76860
76151
76160
76331
76530
86031
77270
76721
76230
77041
76170
76050
75971
76010
76541
76140
76511
76580
83761
77200
75670
75781
75600
75901
76270
76111
75810
76221
76220
75800
76081
7208262
114510
88931
79840
77451
76740
76361
77490
76061
76910
76641
86140
76910
75861
75610
75581
76030
80361
77040
75991
76080
75530
75661
75790
84291
76240
76101
75910
76671
76880
76950
76751
77380
76801
76720
76151
76000
6105536
97530
83291
77850
76200
81491
76980
77361
76540
75991
76530
76401
85440
76451
75920
75720
75821
75890
75861
76720
76061
75740
75781
76000
75840
90081
77330
76531
76070
76111
76030
76211
75700
76221
76290
76190
77071
76080
3112548
98911
83420
78301
77450
77761
75820
76441
77110
75720
76481
76230
84091
76720
75921
75860
75771
75640
76121
76030
75780
75861
75990
76041
75510
83641
76790
75681
75690
75690
76241
80070
77411
75740
75131
75880
75951
76690
1153997
94150
80081
76750
76061
75860
76221
76220
76420
76841
76000
76561
85260
76431
75660
75931
75760
76180
76421
75800
75821
76050
76071
75830
76970
84801
76700
75471
76000
76111
76210
80201
77050
75901
75920
75910
76281
75800
3095738
92801
80640
77521
77480
76021
82950
76401
76300
75921
76020
75930
76211
84170
76471
75910
76701
76290
76431
76620
75930
76771
76280
75911
76140
76161
84220
77401
76060
75840
76061
76040
76171
76210
75591
75360
75530
76091
75980
3110778
78261
76340
76121
75680
76451
76280
77461
75960
75800
76681
76760
83871
76140
75841
76290
75571
75920
75951
75660
75690
76001
76330
76251
75900
83511
77410
76151
75920
75850
76761
79580
77081
75940
75751
76300
76900
75871
3089738
88240
78961
76440
76411
75870
81371
78270
75831
76990
76090
75881
75850
84201
76230
76311
76040
75411
76670
76530
75771
76060
76261
76520
75921
75660
85101
77190
75891
75980
75820
75631
75550
76311
76220
75681
75450
75660
75821
3091548
84010
77801
77690
76451
75920
75911
76180
75910
75781
76090
76141
75780
85641
76220
76091
75900
76150
76191
76210
76041
76700
75761
75920
75491
75930
83281
75780
75660
77721
75700
76091
81160
75831
76200
77530
77091
76750
76031
3092908
82390
77491
75980
76071
76320
80671
76280
75810
75791
75920
75831
75980
83821
75950
75991
75900
75990
75801
75440
76581
76170
76061
76560
76151
76410
84320
76141
76060
75791
77430
76241
76470
75931
76330
75870
75791
76030
75961
3095518
80820
76961
75920
75570
75931
76230
75941
75830
75821
76430
76381
82840
77221
75900
76050
76411
76160
76471
76460
75641
76990
75531
76080
76030
85541
76880
75681
75860
75611
75870
79301
77190
75640
76001
75370
75711
76040
3085498
86221
78730
76910
76101
75910
80651
76790
76491
77220
76381
76300
75831
85930
76890
75801
76420
76181
76080
76241
75430
75991
76440
75970
75741
75910
82431
76590
75881
76290
75621
78240
76451
76050
75910
76081
76210
75811
76450
3089028
83851
78010
76250
76081
76040
76351
76320
76181
76160
75861
75820
75780
84061
76980
75961
75860
76091
76320
76121
75700
75980
75911
75870
76251
76390
84851
77120
75761
76490
76191
75900
80680
76541
76080
75771
76040
75981
76210
3093418
82650
78201
76280
76131
76040
80741
75890
75731
76110
75910
76111
76730
84351
77430
75891
76220
76041
75910
76501
76090
76100
76191
76700
76181
76380
83571
76950
75981
75950
76250
76401
76150
76081
76220
75741
75870
75751
76260
3097568
83260
77811
76750
76191
75860
76561
76000
76291
76130
75940
76151
83160
76951
75810
76251
76290
76331
76390
75720
75641
76520
75961
76190
76031
83130
76351
75630
75820
76171
76090
75921
79220
76141
75960
75911
76060
75690
75831
3096858
79140
76121
75780
76381
80430
76361
75950
76590
76191
77370
76741
84090
76551
76090
76291
77150
76490
75991
76070
75951
76090
76641
75780
75801
83190
76981
76210
76820
75941
75830
75871
76140
76501
75600
76171
76830
76140
3087758
85441
78980
76901
76360
75721
76290
76410
76271
75900
75931
76970
76681
83550
76261
75900
75820
76121
75780
76111
76120
75881
76290
75681
75710
75930
82571
76190
75981
76910
75831
75540
79571
76840
76041
76500
75790
76161
75540
3090738
83761
77730
76181
76230
75800
81021
76130
75991
76170
75681
75980
76001
83650
76250
75631
76060
75961
75590
75861
76380
76361
75970
76370
76311
76510
84071
76020
75911
76150
76121
76050
75711
75800
76230
75951
76090
76251
76040
3092988
83281
77690
76270
76311
76640
76191
76060
76031
75930
76101
76060
76880
83841
76730
75681
75620
76241
76000
75561
75650
75970
76201
75920
76141
76570
83891
76410
75691
76120
75971
75710
79440
76571
75750
76291
76260
76511
75980
3094758
83190
77581
76330
75971
75960
81221
76280
76681
77010
76221
76620
83410
77761
76120
76111
76480
76301
76540
75601
75900
75980
76301
75920
76111
82640
76461
75500
76211
75990
76550
76981
78640
75811
75680
76451
76300
75911
3085467
87821
78370
76481
75640
76381
76020
75991
75950
75891
76090
75840
75731
83320
75881
76170
75941
76500
75601
75970
75660
75941
76410
75741
75540
76151
82730
76501
75900
75740
75611
75940
80341
77440
75881
76050
75401
75780
76020
3087118
87241
77600
76571
76780
76771
80320
76841
75960
76350
76061
75980
75721
84080
76741
76080
76431
76360
75870
75661
75890
76031
76360
76891
76010
76431
84360
76251
75910
76000
76061
75960
76071
76070
75751
75900
76090
76191
75530
5105680
102651
84580
79721
77440
81030
77271
76560
76131
76620
76061
76470
83391
76560
76311
76480
76110
76851
76060
76481
76290
76041
76140
76331
76550
82750
76411
76090
75851
75870
76541
76110
76151
77100
76040
75621
75780
75661
3089518
88290
78111
76170
76590
75701
76020
76201
75970
76761
76410
75871
75730
83951
76520
76010
76151
76730
75921
76280
75901
76250
76091
76300
76190
76011
83960
76811
76300
76351
76670
76251
80740
77691
76510
76650
76131
75930
76521
3099478
84230
77331
76600
76540
76691
80990
76181
76330
76841
77080
76671
77180
84301
76040
76430
76531
76570
76561
76190
76011
76180
76271
75950
76340
76011
87440
76181
76300
75621
75760
76661
76150
75631
76150
76030
75741
75750
76011
3095158
78860
76441
76220
76200
75811
76430
76331
76100
75861
76470
76221
83780
77210
76431
75920
75821
76120
76091
75890
75941
76520
76420
75621
76890
83181
76780
75591
75650
75791
75890
75881
80200
76270
76161
76110
75651
75710
3085308
85001
77070
75950
76101
75450
78821
76630
75991
75950
75901
75770
76350
83021
76360
75541
76220
75941
75590
76031
76020
75940
76421
75890
75831
75690
82261
76970
75791
76610
75990
76541
75590
81151
76170
75691
76670
76551
75870
3086528
82530
76841
76010
76331
76120
76421
76210
76050
76431
76180
76351
76020
85141
76330
75731
76670
76691
76610
75660
76151
76220
76651
76110
75861
76200
82911
76410
76490
76811
75840
76071
78660
76801
76100
76051
75690
75730
76331
3092228
82080
77311
76540
76161
75710
86811
76960
76020
74561
81100
76691
75700
84121
76510
75881
76210
76751
76300
76190
75981
75810
75591
75620
75901
75920
84281
76210
75870
75721
75830
75721
75820
75701
75690
76301
75910
75560
75711
3093958
79860
76691
76090
76541
75790
76270
75841
75930
76811
75870
75951
76030
84271
76150
76050
76211
75750
75751
75960
76131
75860
75931
75940
75910
76171
83880
77031
75730
76281
75710
75751
80220
75931
75580
76010
75971
76330
76551
3100378
81770
77331
76810
76231
76280
81480
75921
76860
75931
76070
76021
83100
77241
75830
75550
75361
75890
76301
76440
75871
75960
75671
75340
75710
75891
84160
75821
75640
75871
75610
75791
75670
76000
76731
76020
76291
76010
75661
3092108
76720
75751
76450
76530
75951
75640
76271
76260
76001
76400
75880
76551
83870
76041
75750
76041
75690
77411
75810
76010
76201
75970
75631
76050
76151
83630
76161
75560
76371
76270
76350
81181
75750
75551
75570
75681
76150
76051
1941671
83270
76921
75730
76671
75750
76011
76010
75870
75781
76120
75561
75780
76071
83460
76901
76150
77120
75841
75650
78881
76790
75481
75920
75910
75831
75370
82401
76380
76101
76010
75951
75910
75670
75971
75870
75781
75220
75331
75740
2633025
83701
77680
75541
75870
75591
82470
76111
75980
76091
75690
76010
76221
75810
75811
75900
76621
75510
76231
82990
76600
76101
76490
77051
76320
75971
75670
76030
76061
75790
75991
76340
83771
76190
76381
76580
76400
76151
75950
75701
75930
75701
75400
76251
75790
3373240
92640
79981
76190
76931
76310
76210
77141
76180
83271
76630
75931
75770
76191
76300
80621
76830
76180
76491
76810
76221
76750
84051
76400
76431
75960
76090
76851
77020
76671
76230
76601
76160
76130
76571
84040
76281
76240
76471
76120
76181
75850
75770
75781
75660
75901
75870
76111
3092668
86700
78671
77140
76981
77330
77010
76861
77150
76811
77570
76791
76910
84871
76980
76661
76270
76630
76721
76420
76631
76720
76251
76280
76150
76561
84200
76571
76450
76621
76860
77001
82590
76431
76010
76030
76201
76160
76851
3098338
82640
78521
77140
76981
80500
77491
76410
77210
76551
76440
76301
83610
76711
76300
76531
76370
76580
76171
76020
76261
76170
76591
76260
76980
84391
76600
76421
76780
76151
76420
76611
76480
75991
76170
76200
76771
76320
3089388
85131
77880
75981
75470
75791
75820
75920
76131
75580
75651
76010
75391
83150
75721
76290
75570
75781
75640
75711
75400
75461
75550
75910
75371
75760
82501
75930
75271
75820
75451
75190
79110
76891
76150
75281
75760
75521
75470
3091268
88251
79960
77381
76760
76460
80581
77140
76291
76800
76451
75780
76651
83790
76351
76500
76580
76351
76490
76431
76660
76081
76150
77041
76660
76050
83731
76070
75681
75920
75711
75460
75441
75870
75670
75641
75380
76341
76210
3092318
83791
77860
75971
75720
