97320
89871
88910
90031
98080
89381
88770
88761
88420
88891
88500
88631
89000
88931
88891
3140778
108041
95810
92011
90490
90521
89300
89571
89750
88881
100050
89541
88611
88740
88651
94080
90401
89000
89641
88410
89021
98500
89981
88740
88831
89030
88781
88940
90131
88961
88650
88691
96390
89371
88550
88371
88670
89191
89090
88471
88790
88661
89160
1885421
119671
113741
92500
90771
89930
89851
89451
89620
89421
89390
89681
90740
3121998
115831
97521
91220
90041
90230
89601
89290
89261
88661
88710
100541
89210
88871
88940
88611
89220
88411
88980
88121
88780
89201
99510
88931
87980
89001
89840
88581
88751
88650
88741
89610
89601
3134738
109571
95480
92111
91010
90751
89800
89881
90371
89180
100531
89590
88881
88980
89021
94490
90771
89110
89281
88900
88931
98220
89311
88891
88940
88561
88190
88911
88770
88401
88540
88551
3127328
125781
100600
92821
90820
90421
90531
89520
89141
89960
97761
92140
89661
88950
88691
89040
89021
89220
89791
89940
89391
97821
92290
88891
89390
89311
88770
88851
89080
89431
89240
89011
89280
2663976
105441
94470
91171
103980
90831
89760
89531
90091
89690
89761
88870
88611
89150
89341
99000
89441
89280
89131
89330
94251
90260
89161
89400
89411
88950
100481
90261
89280
89451
89720
89391
88870
89551
88820
89231
88660
4120315
125340
102191
94240
91321
90101
90510
89631
89260
89221
96270
89871
88620
88861
89610
89431
89440
89481
89470
89141
89391
98230
90861
89660
89271
89820
89391
95220
88971
89180
89521
89450
3110229
133940
106321
96061
92270
96911
90690
90081
90760
89981
98640
92071
89241
89230
88881
89410
89531
89220
89071
89930
88981
89050
101961
89840
89631
88780
89151
89931
89920
89241
89050
88891
89350
5442242
120351
99480
93641
90861
90250
104381
90840
89551
90950
90171
89480
89601
89510
89541
89230
90241
98051
89640
89151
88990
89511
90310
89691
89500
89201
89380
89741
97730
90021
89110
89051
88860
89041
89251
89050
88911
89890
89341
3827272
133781
104511
114120
92191
90190
90511
90440
96251
90000
89491
90341
89600
99871
91430
89471
88830
89221
89770
89041
89410
88831
89950
89891
98300
90521
89531
89030
89091
89210
89471
89150
89841
88740
89391
89380
6470878
117151
101251
95730
92431
90960
102781
90300
89801
89510
88611
88951
89060
88561
88910
89131
89220
97401
89780
89201
89220
89761
89550
89581
89050
89281
89050
91561
99651
89340
89091
89480
89041
93790
90961
88720
89181
89300
89081
3380180
115730
105401
92001
90860
90451
90140
102301
91570
89701
89720
89951
89230
88761
88991
88450
88711
89300
97281
90520
88891
88630
88821
88890
88831
88520
88451
88760
88711
88310
97181
89750
88871
89091
88710
88971
89170
89351
88770
88821
89190
3323160
108330
94191
91901
90510
89411
89810
89571
101040
90121
89150
89451
89410
95181
89670
90091
89860
89491
89510
116091
89721
89710
89681
89350
89971
90490
89011
89300
89111
88990
4143125
114551
99380
92381
91400
90641
91000
89771
89570
89311
98950
89471
89211
88710
89301
89620
89821
89930
89681
89240
89631
97880
90941
89590
89851
89780
95381
89170
89481
89600
89361
89551
3124998
110151
96390
90921
90730
97161
90130
89641
90330
89251
97321
89990
89091
89630
89621
90480
89751
89330
89681
89040
88621
96070
90011
89290
89161
89140
89161
89100
88651
88970
88951
88601
89590
1128407
91090
89751
88950
93901
90390
88991
89080
89071
89321
112990
90071
89430
88651
88340
88611
88950
88461
89040
88431
88870
96371
89610
88501
88341
89390
88411
89040
89021
88760
89251
89330
3102239
99010
90891
89910
89941
89370
89591
89070
89211
88760
89061
95960
89001
88830
89461
88710
88711
89181
88780
90091
88970
88421
95150
90461
89080
88761
88680
88171
93170
89501
89550
88901
88810
89401
3122038
95761
91040
89231
93520
90221
89511
89300
89061
88840
98441
89380
88551
88280
88881
88870
88881
89000
88501
89010
88411
97261
90010
88661
88860
89511
88830
88441
88490
88891
89050
89161
3096868
105041
94050
91421
90140
89291
89200
89171
89030
89191
88600
96371
89810
89251
88910
88951
89271
88620
88511
88270
88601
88550
89111
98010
88651
88550
88801
89200
94201
88770
88571
88820
88741
89371
3112258
95410
90691
89900
89461
94870
89631
89061
89350
89041
96300
90621
89210
89121
88830
88861
88990
89011
89090
90641
88940
88991
97081
88600
89041
88830
88951
89120
88841
89090
89061
88840
88801
3111238
96931
91290
89841
89750
90211
90580
89191
89430
89381
96141
90440
88941
90590
88691
88860
88681
88510
88661
89690
88721
88600
96071
88930
88491
88600
89311
93810
88771
88880
89991
88781
88530
3109778
97881
91420
90211
90561
94920
89001
89470
89271
89140
95231
90530
89211
89260
88851
88730
88961
89020
89521
88910
89571
88481
96020
89161
88860
89491
88980
88781
88680
88931
90410
88641
88620
3109449
96220
91301
89830
89991
89580
88731
88490
88791
89690
88731
96621
88600
88831
88830
89311
88550
88351
88590
89081
88680
88721
97650
88881
88540
89551
89180
94651
89060
88831
88730
88791
88901
3108268
94890
90561
89661
89870
93761
88750
89521
88440
88611
88430
96551
88810
89451
88710
88651
88830
88871
89010
88361
88620
89071
96131
88590
88921
89030
88581
88540
89101
90330
88991
88990
88931
3107338
97361
91970
90001
89640
89951
89200
89441
88930
89221
88970
96421
88990
89171
88691
88600
88411
88840
88761
89230
88711
88890
97921
89160
88661
89650
89151
93250
89701
88880
88781
88691
89470
3105728
101511
93080
91021
89341
94890
89451
89270
88891
89450
89281
97120
88831
89080
88001
88480
89151
89320
90201
89110
89021
89450
96341
90171
89310
88871
89000
93371
90490
89911
88950
89161
88900
3104709
98490
91951
90220
89371
89340
88481
89500
89001
88740
89141
96450
89051
88951
88480
88621
88180
88651
89290
89721
89110
88751
95230
89701
88780
89521
90500
93421
89631
89190
88991
88910
88911
3101398
101450
92731
90281
90560
94691
91910
89071
89290
88491
89090
97081
89360
89121
89020
89151
88950
88351
89361
88810
88891
89090
96561
89000
89001
88760
88921
89820
89681
88430
88901
89210
89031
3101418
101501
93350
90331
90000
89611
89140
89471
89670
89401
89110
97101
89871
88930
89691
89160
88921
88790
88911
88890
88691
88400
96251
89550
88731
89020
88751
92131
89740
88561
88990
89221
88840
3098148
102251
92970
90371
89721
93700
89991
89180
89031
89150
88611
95970
90231
89460
88961
89420
90561
88930
88931
88420
88581
88901
95830
90711
89510
89431
89770
89171
89280
89231
89720
88761
89430
3104239
104120
93301
90440
90311
89250
89311
89110
88951
89281
89260
96531
88910
89371
89340
89501
89190
89141
89030
88661
89290
89851
96650
90551
89010
88611
89440
88871
95881
88610
88591
88740
89101
3099048
108771
94680
90771
89970
94071
90410
89481
89720
89391
90270
96631
89801
89350
89591
89350
89361
89400
89651
89940
89661
90230
96821
89600
89561
89370
89361
89260
89311
89570
88651
89160
89711
3102628
108131
94910
91751
90651
90030
89141
90670
88801
89140
89521
97740
89771
89000
89331
89810
89441
88950
88691
88431
88940
89121
97080
89101
88960
89581
89520
93711
90200
89151
89030
89131
89170
2103483
99540
91301
89510
89651
90681
89580
89291
89910
89031
89160
97221
89700
88931
89150
88731
93420
90611
89140
88701
88660
88921
96581
89240
89081
88730
89021
88740
88851
88610
89361
88910
88861
3105148
102241
91990
90481
89860
90071
89060
89751
89210
89351
89550
96561
89231
89030
89291
89070
88891
88930
89031
88770
89111
88640
95501
89590
89071
89440
89081
88550
88831
89250
89031
89150
89421
3097558
98281
90670
89451
89250
89011
89220
88711
89111
88860
92661
96940
89941
88940
88871
89900
88861
93070
89201
89630
89001
88900
95411
90270
88391
89271
89060
88761
88580
88661
88660
89181
88800
88331
3106038
91231
89890
89921
89370
88881
89270
89451
88930
89561
88710
96641
89020
89571
88980
88961
89380
88681
88701
89710
90321
88650
96841
89770
89061
88960
89031
89060
88651
88760
88521
88460
89281
3104408
92261
90560
89481
88870
88841
89430
89131
89290
89071
89100
96361
89391
89400
89371
88920
93241
89340
89341
88630
89121
88590
96431
89010
88981
89560
88381
88770
88951
88841
88680
89121
89100
3102178
92551
90190
89311
89140
90391
89381
88940
89301
89060
88891
96480
89051
88780
88701
88790
88771
88570
88941
88850
88701
89350
95891
89110
88941
88231
89340
89521
89020
88701
89350
89061
89640
3097518
95661
90621
89300
89301
88480
88791
88770
89131
89570
89221
95440
90311
89120
88621
88830
88341
93431
89900
88721
89290
89251
89510
96511
88810
88621
89020
89801
88750
88551
88710
88571
89120
89191
3105988
91101
89480
89181
88890
89021
89080
89151
88370
88891
88650
96991
89101
88610
88201
88870
88631
88810
88761
88640
89051
89020
96851
88850
89031
89050
88561
88350
88771
88500
88491
88521
88610
3104028
92161
90420
89341
89010
89331
89190
88881
88540
89821
88890
96711
89391
88770
88761
88640
93411
89420
88891
88190
88951
88830
96241
89441
88510
88971
88970
89121
88940
88331
88460
89091
88990
3098738
96621
91330
89491
89211
90530
89511
88910
89601
89750
89591
96570
90481
89410
89671
89480
88731
89270
89741
89371
89140
89191
96240
90811
89100
89281
89530
88861
88850
89091
89400
88981
89630
88751
3107798
92411
90160
89741
89670
89541
89080
89571
89860
89361
95711
89900
89231
89320
89491
88550
94691
88580
89261
89900
89031
88810
97481
89000
89311
88820
88781
89031
88900
88761
89010
89761
90140
5141920
105921
94001
92230
89991
90230
89791
89910
89191
89490
99011
90420
89631
88930
89231
94031
89380
90081
89270
89001
89220
96451
89390
89511
90350
88791
89750
89161
89330
89451
89160
90691
3110028
100871
92740
90511
89890
90021
89581
89400
89181
89270
89181
96960
89711
88940
89271
89530
89301
88830
89251
89480
89461
89521
100770
88911
89110
88761
89790
88931
89520
89391
89050
88991
89050
3110039
99720
92481
89890
90731
89360
89871
89280
89301
89331
90010
96851
89320
89271
89160
88911
94060
89261
88950
88871
89400
88961
95880
89231
89480
89301
89250
89121
88701
88900
88481
88710
88671
3109188
99580
92281
90871
91320
89731
89750
89251
90040
89111
89490
98261
89380
89211
88950
89471
89701
89810
88951
89530
89261
89370
95761
89300
88741
88820
88621
88520
88811
89030
89491
88700
89421
3108868
100891
92590
90271
90010
89641
89180
89701
89411
89680
90141
96600
90241
89180
88541
89310
95151
89280
89361
88650
90221
88930
96201
89301
88720
88631
88530
88771
88420
88671
88670
88651
89250
3108669
100220
91931
90670
89341
89280
89481
89940
89261
89460
89371
97000
90071
89281
88820
88921
88910
89431
89090
89491
88790
89231
96890
89281
88990
89211
88860
88751
89140
88491
89331
89240
88911
3106988
100290
93261
90611
90320
89141
90110
90591
88880
89301
88380
97311
89080
88881
88800
89261
93090
89781
89340
89041
88850
88771
96481
88720
88951
89570
89421
88760
88781
89150
88931
89460
88871
3109088
100491
92320
90581
90100
89541
89880
89291
89280
89231
89230
97751
89511
89340
89081
89230
89811
89340
89311
89340
89501
89430
98041
89700
89311
89170
88931
88730
88741
89631
89350
89311
88590
3107418
101441
92651
91850
90351
89390
89521
89170
89671
89460
89151
96800
90361
88800
89351
88810
98141
89241
88960
88971
89500
89681
100960
89271
89080
88851
89060
90271
89360
89111
88660
89061
89501
3111148
100880
92771
90330
89731
89581
89130
89391
88760
88821
89120
97931
89640
89671
89420
89241
89250
89171
88900
88671
89280
90091
96691
88690
89321
88980
89431
88640
88471
88660
89391
88930
88521
3112378
100621
92680
90541
89580
89531
89320
88931
88980
88931
89140
96561
89610
88631
89771
88750
94041
88900
88981
89170
88911
88780
97091
89130
88731
88850
89431
89370
88861
88971
89300
89131
89450
3110328
100051
93171
91320
89821
89640
89501
90010
89381
89680
89701
97310
89401
89040
89001
88850
88861
89011
89320
89191
89070
90671
96010
88941
88790
89041
88930
90001
89020
88931
88970
88591
88960
5147131
122870
99671
94201
92000
91391
91060
90261
89810
89711
98800
89521
89290
89041
89470
88851
89230
88671
89271
89390
89381
97740
89371
89880
88891
88960
89461
89580
3505261
92790
90331
90211
89930
89581
89560
89461
89950
89141
96570
91351
88790
89321
88880
89531
93740
89741
89371
88690
88931
89250
97081
88450
89231
89590
88831
89050
89301
89190
88851
88940
89991
3111718
90291
88930
89401
89640
89531
89480
89151
89030
88791
89171
97530
89201
89000
89321
88450
89251
89720
88821
88720
89911
89590
99451
90400
89181
88850
89641
89751
89110
89111
88980
88911
89940
3109588
94771
90341
89780
89311
89080
89171
89540
89341
89540
89171
97240
89481
89270
89591
89260
95021
89881
89050
89291
89110
89121
96780
89971
90120
89381
89360
90791
89330
88951
