51571
51480
50930
51051
50960
51130
50990
51081
51160
51150
3066048
65071
51570
51570
51141
50990
51070
51251
51060
51170
51100
51351
51410
51170
51101
51000
51050
51071
50980
57450
50950
50991
50840
51060
50951
51520
51100
50971
50990
51170
50790
51121
50820
51230
51021
51180
51270
51021
50920
59860
50801
51060
50860
50950
51141
51020
51080
51091
53900
51300
50881
51000
51290
50930
51191
50950
51120
51401
3047048
61770
51480
51291
51380
51210
50880
51481
51290
54680
51441
51290
51300
51341
51230
51510
51231
51300
51120
57830
51181
51350
51200
51581
51050
51430
51451
51150
50730
51150
50971
51390
51170
51321
51310
51510
51181
51280
51270
58210
51301
51090
51140
51301
51370
51430
51091
51520
51280
51341
50920
51080
51560
51101
51420
51310
51161
51130
4073184
61470
51811
51190
51060
50961
51060
51100
51370
51021
50920
50950
50931
50900
50730
51221
51270
50860
50900
58051
51210
51370
51241
51370
51390
51271
50750
50980
55731
51320
51190
51280
51201
51400
50910
50881
51050
51200
56931
51350
51130
51090
51191
51460
51180
51251
50870
51310
50971
50980
50970
50970
51071
51290
51110
51531
51160
51570
5081710
58110
51891
51250
51130
51201
51240
51030
51301
51040
50990
51230
50911
51040
50990
51731
51180
51310
51071
63010
51070
51131
51200
51210
51130
51191
51080
50990
54281
51210
50930
51131
51350
51140
51261
51290
50960
51100
58221
51320
51000
51581
51140
51240
51091
51250
50920
50911
51160
51080
51180
51281
51170
51020
51181
51130
51130
59561
51060
51000
51040
51171
51250
51220
51171
51270
51470
51281
51500
51380
51090
51451
51140
51120
51201
51540
51330
58481
51230
51260
51340
51291
51010
51250
51061
51150
51420
51531
51250
51290
50911
51080
51290
51280
51141
51120
3073018
58491
51460
51460
51140
51301
51160
51190
51251
51170
50990
51550
51151
51050
51180
51191
51490
51240
51531
59140
51770
51381
51150
51490
51180
51431
51590
51450
54901
51720
51300
51181
51230
51360
51340
51531
51420
51460
83121
51710
51290
51571
51150
51690
51421
51530
51490
51321
51010
51200
51171
50980
51060
51280
50991
51080
51170
57701
51210
51230
51241
51510
51080
51151
51010
51570
51100
51141
51280
51010
50991
51430
51120
51150
51411
51250
3064718
61470
52531
51650
51470
51631
51730
51810
51901
51640
51260
51841
51480
51570
51501
51410
51660
51340
51431
57680
51500
51381
51450
51560
51451
51330
51410
51340
51111
51390
51410
51341
51340
51650
51151
51380
51380
51650
51471
57300
51400
51351
51270
51490
51001
51300
51010
51231
55360
51340
51210
51381
51500
51100
51401
51220
51300
51341
3069008
56670
52140
51391
51690
51380
51420
51561
51350
54290
51191
51600
51080
51341
51100
51240
51061
51220
51290
58130
51431
51670
51390
51451
51090
51160
51441
51350
51500
51400
51301
51250
51370
51411
51430
51420
51441
51430
63520
51651
51430
51250
51230
51331
51400
51400
50951
51150
51170
51621
50930
51050
51010
51091
51210
51350
51111
3063058
59970
51980
51661
51600
51240
51611
51430
51580
51570
51331
51230
51710
51461
51430
51140
51651
51500
51360
59211
51460
51260
51151
51200
51310
51350
51391
51600
51420
51491
51130
51440
51291
51050
51520
50940
51171
50970
51300
57661
51590
51220
51391
51190
51270
51200
51291
51010
53530
51141
51190
51410
51151
51070
51470
51220
51231
51310
2671246
57050
52371
51450
51480
51240
51451
59060
51310
51161
51170
51190
51271
51260
51300
51110
53441
51460
51130
51161
51420
51000
51291
51530
51780
51290
51631
58590
51280
51211
51430
51470
51501
51480
51470
51281
51240
51280
51600
51001
50910
51050
51231
51030
51200
51451
57950
51160
51130
51291
51190
51350
51391
51670
51250
51401
51450
51080
51271
51530
51480
51340
51491
51410
51100
5282661
69731
56060
52770
56921
52500
52110
51681
51420
51610
51881
51510
51870
51551
51710
60140
51641
51530
51510
51600
51701
51680
51940
51681
51640
51550
51681
52070
52010
51680
51681
51700
51760
51921
59290
51610
51751
51670
51560
52271
51830
51320
51500
51371
51530
51680
51351
51870
51810
51591
51560
51760
51680
118611
51790
51761
51800
51610
51401
51400
51460
51511
51330
51720
51351
51620
51960
51460
51391
51790
51550
793535
60670
53351
51750
51870
60901
51890
51570
51631
51530
51460
51930
51511
51330
51710
51401
51540
51090
51511
51310
51430
51950
52201
51320
4065974
56470
52091
51610
51680
51561
51430
51330
51721
51510
51770
51340
51091
51470
51450
51591
51620
51570
51561
2892597
57770
52280
58791
51700
51810
51800
52101
51780
52070
51641
52110
52000
51711
51730
51780
51631
51820
51850
51951
51700
51860
3071398
57391
52240
51800
51730
51511
51740
51550
51541
51510
51690
51691
51450
51650
51550
51581
51640
51530
51881
103680
51921
51770
51230
51830
51571
51560
51730
51531
52180
51730
51691
51800
51930
51660
51441
51550
51410
59521
51610
51550
51641
51980
51700
51561
51980
51970
54341
51890
51510
51840
51801
51660
51600
51331
51320
51410
3065498
64721
52350
51730
51991
51560
51810
51471
51620
55220
51870
51311
51590
51640
51721
51770
51540
51361
51350
57330
51530
51861
51500
51460
51681
51930
51820
51471
51520
51420
51721
51670
51740
51640
51601
51500
51910
51841
58700
51550
51361
51790
51640
51681
51600
51530
51400
51621
51440
51290
51361
51700
51610
51601
51480
51600
51251
51570
1924091
56430
60321
52000
51510
51411
51480
51440
51351
51450
51370
51251
51250
51150
51640
51721
51070
51290
51031
51290
51580
58831
51580
51850
51511
51370
51800
51660
51621
51720
51550
51861
51610
51670
51581
51600
51640
51850
51581
51970
51580
59221
51940
52060
51671
51770
51560
51841
51490
51400
51570
51521
51920
51900
51791
51560
51470
51651
51660
52040
3123799
60540
53540
52091
51400
51540
51531
51680
51810
51800
51911
51710
51340
51601
51560
51530
51601
59210
51690
51430
51211
51680
51500
51751
51750
51500
55581
51970
51570
51801
51670
51890
51760
51911
51620
51800
51431
58370
51650
51351
51790
51670
51781
51800
51800
51790
51601
51820
51480
51951
51640
51590
51591
51660
52100
51821
4100784
66830
55990
53011
52060
52060
52111
52470
52480
52330
52241
51860
52040
52121
52390
52110
51631
51770
61480
52031
51680
51720
51380
52331
51870
51950
51801
51860
51920
51891
51750
51950
52121
52040
51790
51901
51690
59350
51610
52141
51530
51870
51541
51690
51870
51801
56520
51840
52131
51750
51490
51710
51611
51590
51640
51851
2084672
64930
54971
53000
52650
52201
51820
52060
52070
51891
51970
51930
51641
51990
52170
52181
51900
52220
60221
52040
51860
51810
51721
52070
51550
51921
51930
56670
51841
51730
51960
51891
51770
51370
51900
51671
51760
59460
51861
51610
51880
51711
51840
51770
51731
51900
51820
51600
51731
51790
51730
51801
51820
51610
51791
51900
3069808
62390
53881
53020
51790
52081
51980
51630
51401
51570
51530
51600
51901
52110
51980
51751
51770
51700
51831
64620
51740
51811
51750
52240
51730
51691
51650
51610
51831
51900
52130
51721
51630
51740
52221
51530
52130
51641
58610
52050
51770
51581
51540
51660
51561
52040
51520
51651
51500
51830
51380
51501
51680
51660
51611
51610
51880
3072628
62581
54080
51920
51801
51810
51580
51271
51840
51470
51690
51451
51350
51480
51841
51290
51510
51341
51530
58800
51700
51561
51040
51700
51841
51740
51930
51301
55180
51590
51231
51540
51570
51241
51380
51390
51300
51381
57240
51320
51511
51260
51290
51481
51590
51460
51990
51651
51310
51280
51921
51400
51190
51391
51420
51280
51470
5075210
74091
57500
52870
52181
51940
51720
51631
51980
51850
51671
52040
51410
51890
51641
51510
51760
51851
51510
60120
51741
51840
51700
51691
51790
51830
51920
51881
56450
52070
51691
51420
52040
51421
51310
51880
51671
51610
59770
51560
51411
51520
51660
51421
51740
51640
51531
52010
51810
51551
51460
51890
51490
51971
51870
51760
51631
3082108
64290
55071
52650
52090
51920
52231
52310
51980
51841
52030
51500
51561
51530
51800
51740
52131
51770
60670
52111
51770
51930
51671
51550
51850
51741
51840
51850
51651
51590
51970
51560
51601
51830
51710
51531
51870
59620
51931
51530
51700
51691
51610
51480
52061
51680
51970
51610
52121
51770
51950
51821
51890
51600
51671
51650
51860
3119198
59901
54100
52680
51821
51810
52030
51531
51800
51830
51551
51780
51740
51350
51551
51730
51760
61471
52060
52700
52871
52170
51850
51861
51610
51760
56471
51920
51660
51440
51721
52230
51770
52141
51430
51690
59241
51680
51530
51481
51480
51620
51501
51700
51610
51590
51721
51670
51650
51781
51500
51520
51871
51980
51570
51870
3086639
58600
53380
53171
52580
51720
52130
52491
51850
52150
51891
51760
51920
51931
51490
52340
52010
52071
60390
52390
51971
51990
52020
51951
52050
51890
51771
52090
51880
51981
51890
52270
51680
52021
51620
52110
51821
58290
51930
51851
51810
51790
51891
52010
51880
52111
51620
51580
51590
51821
51640
52170
51971
51810
51770
51591
3083658
67330
56000
52171
51500
52680
52471
52080
51580
51421
51360
51730
51281
51590
51250
51590
51441
51470
59300
51871
51700
51630
51051
51380
51200
51531
51380
56200
51780
51791
51210
51280
51131
51520
51480
51441
51480
51860
59180
51381
51120
51210
51201
51500
51160
51041
51450
51690
51190
51571
51590
51360
51391
51780
51290
51611
51310
3079468
63390
54781
52550
52050
52011
51860
52100
51961
51740
51910
51660
51731
51850
51880
52021
52160
52200
60511
52470
51910
51591
52000
51700
51691
51730
52010
51800
51811
51560
51730
51701
51920
51590
51651
52060
51630
58381
51990
51740
52070
51831
51950
51850
52121
51590
52120
51791
51870
51610
52000
52141
52040
51580
52071
52500
52020
3072958
56581
52860
52150
52231
51920
51780
51861
51700
51540
51700
51631
51770
51500
51491
51620
52160
52171
58850
51670
51661
51680
51640
51741
52140
52030
51560
54991
52210
51840
51621
52080
51750
52071
51870
51860
51730
58371
51790
52490
51701
51580
51690
51671
51870
51660
51621
51850
51700
51990
51651
51740
51440
51891
51740
51880
51971
3074938
58660
53480
52301
51920
52060
51841
51760
51680
51681
51790
51630
51870
52011
51690
51600
51751
51930
59380
51731
51430
51660
51871
51990
52120
52380
52591
51540
51740
51921
51630
51830
51451
51670
51890
51390
51851
58040
51960
51731
51830
51750
52081
51880
51900
51781
51870
51890
51451
51810
51610
51360
51601
51630
51620
51671
51930
3074358
58150
53051
52220
51950
51491
51650
51930
51451
51740
51690
51900
51371
51800
51820
52011
51810
51570
58711
51760
51520
51520
51631
51630
51790
51741
51790
54390
52121
51560
51230
51771
51570
51780
52200
51821
51480
57990
51531
51240
51480
51421
51430
51700
51431
51420
51630
51530
51471
51620
51470
51501
51490
51620
51691
51740
51670
3071878
60811
54160
52210
52681
52080
52160
51950
51961
51780
51900
51751
51590
51900
51551
51680
51570
51530
59691
51870
51810
51621
51470
51790
51311
51600
51720
51671
51460
51850
51680
51701
51980
51620
51641
51580
51510
51751
58810
51260
51511
51540
51710
51800
51831
51480
51940
51881
51610
51470
51541
51780
51610
51431
51390
51370
51480
3071739
61660
54600
52291
51900
51880
51600
51771
51630
51680
51651
52370
51540
51471
51410
51590
51860
51821
51630
58940
51591
51280
51330
51611
51180
51680
51341
51310
54590
51711
51320
51780
51340
51711
51340
51750
51491
51560
60360
51701
51450
51500
51471
51370
51390
51510
51381
51740
51580
52171
51650
51680
51991
52000
51510
51410
51291
3067228
57360
52810
51581
51900
51640
52011
51690
51820
51761
52050
51710
51880
51741
51870
51580
51541
51320
51680
59381
51750
51330
51561
51670
51810
51790
51651
51850
51950
51711
51650
51530
51861
51820
51420
51601
51770
51580
57431
52300
51660
51710
51891
51470
51570
51571
51690
51540
51801
51580
51740
51330
51581
51490
51460
51751
51880
3076308
66540
55231
53670
51990
52061
52080
52060
52351
52160
52070
52060
51941
52020
52020
51791
51730
51640
51851
61250
51780
51461
51460
51690
51711
51850
52030
52120
56791
51800
51560
51461
51350
51740
51691
51790
51760
52101
57770
51810
51971
51650
51720
51570
51761
51420
51710
51831
51810
51620
51541
51770
51920
51590
51691
51750
51570
3069988
59241
53180
51990
51451
51240
51320
51501
51600
51410
51670
51591
51260
51040
51501
51490
51220
51411
51350
58840
51391
51200
51550
51080
51411
51320
51560
51401
51540
51690
51401
51380
51550
51421
51780
51570
51330
52181
58230
51500
51551
51530
51490
51731
51760
51260
51410
51511
51480
51480
51851
51370
51690
51691
51820
51620
51941
3078718
66990
54080
52151
51670
51190
51641
51200
51400
51441
51550
51370
51160
51731
51530
51530
51491
51520
