98421
91540
118241
91591
89990
89351
90310
89901
90160
3105199
92790
90781
90880
91111
89780
89941
89750
90281
90170
89981
99841
90220
90101
89950
90481
93200
90101
89890
89621
89690
90161
97500
89511
89490
89941
89381
89670
90061
90320
90981
89690
89771
3107258
93451
90590
90031
90130
90321
90450
90451
90030
90031
90050
99011
90320
90021
90350
90181
90841
89990
89591
90180
90631
89720
97751
90090
90061
90050
90161
89700
89771
90070
90591
90241
89330
3104768
91871
90860
90061
89730
89811
90371
90460
90591
90160
90141
98770
90401
90040
89921
90390
96331
90370
90161
90250
90091
97251
91520
90211
90670
89881
89920
90741
89770
90341
89840
89601
3098368
96131
91230
90701
90160
90411
90120
89821
89680
89971
90250
96821
90951
90740
90251
90260
90071
89810
89911
90020
89681
90110
96231
91191
89990
89741
90010
90001
89850
90051
90230
90481
90230
3099399
96390
90771
90150
90691
90460
90311
89690
90181
89460
89781
96970
90581
89460
89791
90241
92260
90801
89470
89991
90320
89521
96830
90601
89650
89461
89760
89671
89930
89991
90571
90170
90361
3100298
95500
91571
90710
91881
90541
90080
90411
90200
89821
90120
97361
90350
89411
89820
90061
90280
89751
90320
90191
90071
90440
97311
90930
90161
91040
90331
90460
90441
90170
90051
90210
90141
3102588
93851
91030
90411
90240
90631
90740
89911
90321
89710
90371
98550
90441
90340
89651
90020
93651
90950
90401
90100
89941
90410
97801
90061
89850
90081
91120
89611
89670
90251
89690
90311
91110
3107439
92510
91751
90650
90461
90450
90401
90150
89821
90370
90251
97641
90370
90011
90390
90291
90040
90121
90010
90171
89760
89341
96770
91151
89300
89531
89371
89690
89461
89150
89741
89210
89661
3105788
92190
90231
89661
89770
90621
89730
89901
90120
89921
89870
97301
90350
90001
89920
90381
94481
89820
90181
90060
90271
89990
97201
90040
89651
89420
89671
89660
89661
90020
89801
89420
89621
3105008
91961
90220
89971
90290
89751
89660
90011
89911
89340
89341
96550
89941
89920
89441
89650
90001
89490
89391
89710
89791
89340
96901
90171
89420
89591
89280
89781
89290
89431
90760
90411
90410
3109339
92190
89821
89850
90201
89140
89701
89900
89581
89560
89561
97120
89741
89751
89680
89471
95090
90611
89830
89331
89600
89841
97350
89881
89810
89171
89570
89491
89851
89590
89491
89390
89401
3104768
91620
90221
89571
89500
89771
89410
89611
89590
89421
89890
97031
90060
89491
89320
89121
89800
89221
89860
89191
89440
89921
97671
89930
89721
89400
89981
88780
89021
89420
89421
89190
89831
3104778
91481
89850
89671
89570
90481
89750
89281
89630
90201
89110
102021
90361
90040
89911
89940
93981
90550
90021
89650
89871
90300
97951
90040
89371
89370
89431
89551
89380
89711
89490
89651
89610
3103668
91871
90061
89800
89421
89560
89551
89640
89701
90870
89541
96620
90041
89810
89611
89750
89201
89241
89290
89791
89830
90731
96420
89491
89970
90101
89570
89641
89300
89411
90270
89461
89700
3108369
93240
91181
90550
89681
89660
90071
89900
89491
89920
89631
97331
91460
91111
89820
90151
94330
89481
89320
89311
89590
89711
96871
89800
90731
89530
89541
89910
89471
89510
89511
89520
89521
3103848
91551
89810
90151
90140
89861
89960
89671
89870
89721
89430
96721
89920
89801
90040
89671
89901
89800
89671
89190
89721
89270
96771
89540
89591
89810
89771
89390
89411
89500
89691
89181
89370
3103688
92161
90400
89641
89300
89391
89511
89920
89971
89540
89221
100790
89711
89470
89561
90610
93111
90790
89591
88940
89591
89851
97120
90231
89880
89161
89380
89191
89540
89091
89000
89051
89320
3100509
92280
90461
89710
89531
89850
89431
89530
89531
89360
89571
97150
89861
89711
89930
89441
90280
89341
89430
89591
89320
89751
97480
90401
89280
89401
89050
89551
90180
89511
89330
89601
89231
3099518
95210
91321
90110
90081
89630
89421
90101
89750
89721
89510
96511
90490
89511
89780
89381
93350
90101
91010
89741
89900
89551
96021
89890
89761
89960
90041
89530
89651
89120
89341
89910
89421
3099418
94181
90010
89551
89190
89461
89170
89571
89560
89421
89550
97141
90430
90141
89251
89430
89101
89220
89391
90170
89531
88700
96241
90840
89391
90360
89471
91940
90351
89261
89680
89431
90040
3097008
94861
90700
89621
90000
89381
89581
89280
89601
91170
89821
96130
91181
89760
89701
89370
89521
93270
89951
89990
89731
89910
96101
90581
89660
89581
89280
90061
89360
89741
89250
89141
89590
3099179
96530
90901
89540
89791
89630
89551
89640
89761
89930
89771
96660
91401
89261
89410
90891
90070
89131
89420
89761
89630
89271
88970
97351
90240
89291
89430
89641
89090
89111
90131
90170
89371
89290
3103998
91221
90180
89261
89521
89720
89701
89200
89671
89570
89551
127330
90321
89930
89731
93301
90410
89921
89690
89871
89580
96311
90660
89811
89630
89461
89770
89921
89881
89390
89901
88940
3099628
95991
90960
91181
90390
90291
90951
89580
89621
89750
89641
95980
90081
89840
89911
89510
89581
89560
89751
89530
89411
89221
95820
89881
89750
89241
89610
89761
89160
89401
90270
89651
89810
3098609
95350
90321
89330
90501
89460
89601
89900
89681
89270
89351
96080
90801
89850
89331
89721
89320
92961
88810
89081
89540
89501
95480
90551
89580
88961
89370
89231
90010
89941
89711
89330
89581
3097028
95660
91601
89600
90051
89820
89361
89410
90891
89381
89900
95681
90320
89521
89680
89401
89910
89281
89040
89261
89130
89041
89951
97120
89121
89720
89241
89460
89341
88820
89661
89310
89571
89420
3104619
91120
90121
89760
89651
91010
89431
89970
89701
89770
89931
96851
89710
89551
88950
89291
95510
89481
89460
89361
89080
89311
97000
89301
89260
89581
89480
90051
89600
89641
89970
89331
89521
3111518
95390
91651
90191
90350
90081
89210
90451
89280
89261
95830
90491
89910
89411
89380
89981
88780
89761
89120
88881
89361
89470
96821
89600
89381
89810
89211
89800
89821
89320
88951
89610
89671
3109058
94861
91290
90511
89920
89631
90250
91051
89630
90101
89411
97740
89891
90310
89401
89020
94061
89190
89481
89630
89491
89400
97051
89780
89471
89180
89310
89671
89190
90341
89480
88991
89910
3112699
93230
91301
90290
89621
89610
89741
89460
89281
90030
96641
91470
92161
89771
89890
89731
89290
89381
89140
89631
89740
96511
90930
89691
89180
89451
89680
89301
89420
89481
89531
89730
89181
3106038
90620
89841
89960
90031
89041
89700
89771
89590
89631
96870
91211
89520
88911
89050
89551
93460
89501
89320
89901
89320
89431
96761
90620
89671
90720
89471
89190
89021
89700
89801
89830
89651
3104828
90931
89540
89691
89800
90131
89580
89511
89430
89251
89260
97701
89670
90211
90431
89770
89551
89310
89371
89780
90711
90250
97251
89450
89271
89580
89271
88980
88881
89401
89850
89331
89030
3105928
91691
89380
89741
89990
89751
89651
89970
89931
89700
89701
97170
90491
89160
90101
88980
94761
90730
89441
89161
89300
89371
97020
89831
89220
89391
89360
89211
89170
90091
89450
89281
89850
2115703
90800
89691
89400
89711
94151
89600
89721
89320
90451
89950
97181
89440
89681
89560
89671
89140
89191
89680
89711
89040
89371
98061
89470
89221
88960
91341
89040
89571
89060
88851
89270
89021
2104142
90621
89550
89271
89300
89121
90030
89311
89780
90011
89911
97210
89781
89340
89311
89620
89781
89620
89361
88880
88991
89710
97381
89670
89641
89490
89121
89520
89161
89621
89200
89021
89070
2769846
90541
89680
96021
90411
89600
89291
89240
89541
89850
90011
89430
89421
90550
89271
96450
89221
89811
89920
89981
93650
89711
89490
90071
89380
89431
96380
89271
89110
89661
89400
89801
89150
89831
89010
89261
88980
4104705
91620
89481
89650
89191
88840
89201
89250
89111
89290
89441
96461
89350
89411
89190
89871
89680
89261
89250
89171
89190
89051
95760
89431
89140
89451
89431
95980
90051
89000
89081
89270
89381
5115060
93800
89961
89800
89391
89460
89701
90070
89791
89421
89160
99681
89400
90101
89200
89381
89350
89481
89600
89471
89250
89401
110211
89890
89371
89520
88931
93520
89511
88980
89421
88860
89071
3103178
90291
89880
89491
89600
93791
89120
89251
89180
89521
90030
96591
89380
89221
89161
89260
89471
89820
89371
89180
89301
89370
96411
89150
89121
89110
90571
89710
89081
89171
89430
89661
89590
3103538
90731
89780
89341
89650
89471
88840
89841
89761
89230
89241
97270
90121
89710
89231
89690
89471
89430
90021
89630
89901
89680
97001
89671
89330
89351
89560
94371
89320
89341
89300
89121
89330
3103429
90960
89661
89420
89841
93440
89051
90270
89521
89610
89891
96970
89741
89550
89781
89681
89930
89701
89470
89501
89370
89281
96940
89901
90580
89551
89610
89031
89560
89411
89261
89690
89771
3103828
91260
89271
89900
89351
89820
90011
89700
89971
90351
90000
97571
90380
89581
89180
89561
89680
90331
89490
89641
89840
89611
96631
90260
89591
89410
89711
94720
92311
89780
89991
89740
89291
3109058
95101
90780
90741
89910
95611
89520
89291
89601
89560
90181
97480
89951
90130
89971
90910
89241
89480
89721
90080
89711
89740
97591
90790
90371
90031
89320
89381
89810
89071
89270
89321
89600
6133086
110521
96771
92190
91081
91110
90601
90930
89911
89720
99421
90610
89401
89980
89741
91001
89690
89771
89730
89561
89650
97071
89680
89751
89540
90061
89480
89821
89620
91581
89990
89821
1130517
93420
89741
89900
89261
89710
89461
89790
89751
89910
90061
98041
90230
89301
89560
89461
89320
89731
90020
89601
89630
89491
767324
100481
92300
104730
92611
90000
90831
90050
94901
91100
89961
89780
89261
89480
4106455
96750
91381
89820
89561
89520
89731
89550
89791
89730
89771
98211
89890
89741
89250
89261
89160
90411
89120
89721
90010
90161
2847627
91590
92181
96900
90211
89650
89051
89450
89641
89820
89811
89510
89511
89971
3109308
92600
90091
90140
89111
89120
89431
89460
89321
89441
89860
97301
90250
89471
89060
90101
89450
89761
89050
89361
89770
90031
104440
90341
89361
89820
89781
96240
89761
89500
89071
90000
88931
3104008
89921
89690
89541
89320
93591
89260
89661
89670
89101
89290
97131
89660
89231
89101
89310
89741
89270
89571
89550
89831
89240
95991
90060
89401
89220
89371
89670
89761
89061
90070
88951
89340
1288628
92600
89881
95650
89281
89560
88951
89420
89461
99361
90110
89831
89010
89281
89280
89091
89270
90561
88950
89591
96980
90451
89850
89201
89630
89631
88430
89771
89451
89530
89261
2114072
96421
90630
90601
90680
89821
89640
89411
89350
89171
89930
98201
89360
89731
90061
89900
89791
89850
89191
89880
89631
89370
97401
89970
89991
89310
89261
89580
89561
89640
89641
89071
90930
4761898
117311
100250
108141
92151
90960
91701
90450
89931
90540
90681
90820
90221
90680
102671
90850
94201
90521
90400
90431
90530
89991
89860
90331
90160
98491
90310
90211
89730
89421
90161
89800
90221
89910
90031
90250
3136919
103420
94451
91660
90921
90470
90191
90520
90101
89860
98901
90471
90510
90281
90600
96841
89910
89891
89710
89881
89821
98460
89781
90200
89781
89600
89791
89610
89201
90550
89241
89440
3115669
101710
92541
90790
91421
90010
90271
89380
90111
89820
90351
98171
90620
90381
89790
89871
90310
90171
89810
89271
89780
89631
97711
89930
90141
89680
90311
89760
89941
89450
89401
89620
89541
1802120
96921
91931
100710
90181
89880
89991
89640
89411
89560
89431
89880
89631
89260
2255954
109000
96711
92720
91931
90590
90391
89941
89710
101401
92120
89931
90480
90441
90580
90921
90400
90481
90630
91601
1137397
100480
93401
91770
97771
92030
91521
91351
90790
90711
100850
91091
90380
90591
90990
90741
90230
90641
90261
91030
91031
99920
90831
90440
90071
89600
90101
89850
90281
90070
90371
90890
3206919
121451
103591
97210
95471
93480
92181
92220
92931
104351
92730
90851
90720
90701
90620
90241
90390
90671
89900
90831
101571
90540
90281
90340
90611
98480
90841
90430
90861
90710
3114469
128940
103011
93751
92760
98221
90830
91401
91020
90561
99350
92251
90330
90151
90441
90150
90071
90190
90071
90280
90191
97980
91481
90420
90101
90121
89910
91391
90190
90401
89740
90861
3108258
125041
100600
93301
91530
90971
90170
90131
89621
90170
90381
99640
90101
89770
90511
90060
89871
90330
90291
90140
90081
89670
98571
89691
89500
89831
90270
95431
90040
90291
90680
90181
90130
3139709
107360
93701
92001
96510
90621
89950
89771
89350
90481
99440
89941
89140
90041
89701
89860
89741
90610
89821
89930
89881
98010
90131
90240
89961
90660
89751
89700
89671
89570
89411
89630
3129669
111681
96560
92611
91170
91251
90110
89961
91670
90361
99611
90670
89961
89690
90811
89730
89531
89480
89381
89880
89721
97330
90411
89650
89861
89290
94181
90801
89670
89891
88930
89441
3104518
106331
93890
91051
90800
96551
89990
89781
