28770
21141
21170
20680
20830
20480
20680
20670
20640
20771
20560
20650
20530
20630
20640
20500
20910
20661
20570
20420
20430
20400
20390
20450
20770
3056049
31910
23090
21380
21120
21140
20740
20540
20831
20680
20570
20590
20770
20510
20590
20960
20951
20650
20410
20610
20610
20530
20480
20620
20460
20881
20710
20690
20500
20460
20480
20480
20610
20701
20400
20480
20580
20780
20580
20550
20770
20551
20550
20540
20580
20460
28060
20630
20450
20601
20470
20620
20610
20790
20630
20690
20650
20860
20491
20500
20580
20550
20500
20980
20610
20600
20401
20720
25540
20580
20460
20470
20530
20610
20791
20740
20480
20570
20500
20600
20490
20580
20691
20590
20500
20540
20550
20510
20420
20700
20610
20671
20360
20500
26680
20650
20510
20580
20400
20381
20450
20720
20820
20680
20560
20510
20650
20781
20840
20590
20940
20670
20480
20750
20810
20801
20740
20750
20690
20690
20470
20740
20560
20651
20700
20800
20890
20840
20710
20680
20500
20701
20620
20780
20560
20940
20660
20590
20840
20621
20500
20650
3054818
31200
23390
21540
20830
21090
20831
20700
20650
20490
20510
20400
20520
20550
20741
20980
20480
20840
20560
20800
20530
20550
20471
20340
20610
20430
20490
20450
20580
20680
20950
20631
20570
20690
20620
20560
20750
20410
20700
20331
20540
20360
20450
20390
20560
20580
30770
20441
20350
20740
20410
20530
20520
20440
20360
20531
20760
20750
20650
20560
20810
20550
20560
20541
20480
20570
20680
20530
20660
20620
20630
20540
20511
20770
20680
20610
20380
20670
20670
20820
20651
20540
20630
20530
20620
20530
20410
20690
20401
20740
20730
20670
20800
20460
28840
20580
20421
20480
20580
20540
20470
20590
20690
20530
20431
20620
20450
20520
20480
20620
20360
20430
20621
20790
20490
20910
20430
20370
20630
20490
20560
20941
20530
20450
20560
20580
20710
20450
20450
20661
20590
20430
20310
20580
20570
20530
20620
20591
20750
20680
20610
20530
3051368
33830
24230
21650
20721
20890
20980
20680
20440
20540
20490
20600
20641
20630
20350
20600
20440
20670
20420
20440
20431
20600
20440
20390
20370
20410
20490
20560
20510
20441
20370
20250
20440
20540
20190
20590
20490
20511
20610
20430
20720
20350
20640
20600
20490
20391
28500
20620
20350
20440
20970
20480
20590
20421
20260
20420
20380
20540
20300
20410
20240
20310
20411
20570
20410
20690
20410
20460
20430
25560
20541
20690
20340
20530
20440
20800
20510
20440
20381
20430
20830
20840
20430
20500
20520
20410
20441
20460
20540
20490
20250
20500
20550
20270
26970
20501
20550
20480
20330
20490
20290
20360
20390
20541
20450
20590
20460
20400
20250
20450
20440
20771
20470
20490
20710
20490
20520
20510
20390
20471
20630
20590
20390
20540
20550
20460
20560
20591
20490
20400
20520
20530
20360
20400
20690
20491
20480
20430
20400
20690
20350
20560
20350
3042628
29610
23091
21810
20920
20680
20460
20270
20540
20590
20421
20300
20490
20400
20540
20730
20690
20330
20411
20320
20390
20470
20390
20370
20390
20320
20390
20451
20170
20560
20470
20330
20370
20590
20530
20541
20350
20490
20570
20470
20400
20310
20490
20270
20431
20400
20220
27070
20280
20320
20320
20400
20421
20260
20630
20360
20420
20580
20470
20290
20491
20430
20480
20440
20280
20500
20270
20380
20331
20230
20260
20390
20490
20320
20270
20400
20421
20360
20450
20490
20390
20300
20450
20330
20401
20240
20360
20310
20280
20480
20360
20380
20301
20420
20410
20460
26190
20490
20390
20490
20391
20300
20200
20660
20360
20360
20290
20860
20690
20411
20360
20270
20510
20210
20260
20410
20560
20491
20400
20460
20300
20440
20600
20500
20540
20550
20371
20350
20320
20410
20360
20490
20360
20500
20291
20640
20320
20350
20530
20340
20310
20350
20471
20400
3044998
36080
25810
22160
21450
20860
20590
20571
20630
20400
20580
20500
20540
20490
20470
20870
20441
20330
20390
20400
20380
20540
20650
20510
20931
20490
20520
20350
20370
20390
20530
20490
20741
20620
20410
20380
20450
20400
20420
20500
20570
20781
20480
20340
20360
20470
20540
28580
20770
20751
20430
20530
20510
20440
20350
20380
20590
20471
20430
20320
20350
20390
20430
20690
20610
20571
20690
20550
20650
25480
20580
20520
20430
20401
20330
20410
20330
20330
20470
20590
20440
20371
20480
20330
20320
20400
20360
20300
20350
20581
20380
20310
20530
20390
20450
26960
20400
20721
20320
20320
20390
20280
20330
20380
20320
20240
20571
20360
20530
20320
20350
20440
20320
20360
20401
20160
20300
20470
20460
20300
20400
20490
20421
20260
20670
20300
20280
20530
20440
20280
20280
20531
20240
20370
20320
20510
20280
20400
20480
20281
20460
20420
20370
3041458
40220
26780
22180
21150
21111
20640
20520
20310
20580
20540
20370
20540
20331
20820
20720
20500
20590
20500
20410
20680
20640
20781
20670
20420
20500
20440
20400
20300
20510
21001
20420
20350
20620
20440
20370
20260
20450
20651
20350
20520
20450
20430
20300
20330
20570
20480
29171
20630
20450
20260
20450
20320
20790
20500
20411
20270
20910
20590
20630
20410
20420
20500
20441
20350
20810
20440
20770
20380
20550
20500
20411
20320
20480
20240
20580
20460
20790
20410
20451
20400
20510
20460
20390
20510
20160
20530
20541
20570
20570
20410
20600
20500
20450
20250
27091
20910
20390
20240
20590
20780
20390
20290
20681
20300
20310
20290
20360
20410
20590
20430
20500
20341
20560
20490
20430
20360
20740
20450
20320
20351
20670
20500
20470
20410
20530
20380
20450
20411
20320
20410
20510
20310
20450
20430
20350
20470
20391
20640
20430
20570
20270
20350
20750
26730
20621
20740
20700
20770
20480
20310
20420
20460
20571
20540
20500
20570
20470
20480
20680
20390
20510
20291
20580
20380
20520
25240
20730
20600
20620
20351
20480
20510
20480
20320
20520
20480
20510
20471
20570
20460
20410
20290
20370
20390
20340
20301
20540
20610
20780
20370
20380
1589600
29260
22800
21400
20820
20730
20550
20760
20451
20430
20700
20450
20370
20420
20330
20430
20521
20510
20350
20290
33970
20580
20310
20620
20441
20390
20350
20470
20500
20700
20540
20470
20411
20430
20540
20410
20490
20990
20430
20440
20530
20611
20210
20600
20510
20500
20680
20770
20310
20351
20370
20600
20470
20510
20450
20470
20400
20570
20631
20540
20420
20420
20540
20440
20560
20490
20261
20470
2046582
33880
23500
21210
20760
20710
20631
20760
20830
20490
20380
20580
20380
20300
20741
20470
20420
20860
20780
20430
20430
20380
20561
20580
20300
20450
20350
20320
20240
20270
20361
20440
20570
20460
20390
20440
20360
20410
20171
20240
20350
20390
21000
20540
20440
20330
20491
27820
20260
20620
20460
20590
20380
20660
20411
20540
20530
20560
20300
20500
20460
20390
20340
20591
20560
20320
20320
20560
20490
20540
20380
20431
20240
20480
20340
20270
20300
20390
20270
20641
20610
20500
20410
20390
20510
20460
20300
20740
20541
20510
20360
20440
20370
20260
20280
3043378
36120
24631
21580
21500
20730
20850
20850
20740
20840
20721
20640
20550
20740
20790
20570
20690
20420
20820
20741
20530
20740
20600
20600
20860
20500
20480
20611
20600
20820
20610
20810
20630
20450
20490
20441
20350
20390
20520
20520
20630
20580
20640
20461
20320
20470
20310
28320
20650
20370
20480
20291
20320
20530
20550
20430
20530
20330
20390
20330
20521
20340
20250
20660
20530
20210
20300
20680
20571
25540
20690
20700
20430
20280
20660
20700
20611
20480
20410
20410
20380
20710
20540
20440
20541
20480
20490
20470
20480
20320
20500
20570
20371
20580
20340
26600
20520
20410
20540
20370
20681
20350
20540
20390
20570
20610
20540
20250
20471
20240
20300
20380
20500
20420
20330
20220
20570
20511
20230
20550
20290
20220
20310
20590
20380
20521
20400
20380
20340
20530
20620
20270
20360
20491
20500
20380
20380
20410
20760
20300
20530
20520
20431
3044767
36121
25170
21250
20730
20580
20840
20380
20581
20460
20220
20510
20330
20760
20540
20620
20671
20380
20590
20540
20400
20360
20410
20780
20380
20531
20410
20270
20340
20900
20430
20430
20480
20791
20600
20540
20370
20400
20710
20780
20460
20341
20320
20310
20380
20410
20310
28050
20340
20341
20480
20330
20190
20430
20380
20540
20260
20461
20550
20190
20500
20550
20580
20450
20490
20510
20381
20520
20430
20360
20330
20490
20420
20410
20261
20350
20580
20420
20400
20460
20430
20420
20381
20440
20550
20370
20160
20330
20490
20580
20381
20230
20320
20400
20460
27510
20350
20550
20661
20590
20360
20500
20460
20360
20290
20460
20421
20240
20540
20470
20340
20490
20510
20530
20430
20331
20430
20490
20770
20480
20510
20440
20520
20511
20550
20400
20450
20940
20550
20600
20620
20581
20600
20410
20600
20740
20690
20600
20620
20490
20501
20500
20690
20520
3052658
28550
22870
21210
20780
20581
21030
20440
20640
20460
20590
20740
20590
20381
20750
20400
20490
20270
20540
20430
20320
20330
20461
20270
20240
20470
20210
20370
20440
20390
20461
20730
20460
20390
20330
20490
20310
20410
20311
20350
20390
20290
20260
20390
20290
20530
29221
20390
20280
20480
20370
20390
21020
20960
20560
20451
20490
20730
20460
20560
20520
20620
20540
20661
20310
20550
20350
20510
20460
25360
20760
20561
20450
20550
20530
20600
20580
20560
20540
20501
20370
20520
20380
20540
20910
20600
20440
20771
20830
20610
20490
20880
20540
20720
27610
20521
20450
20380
20520
20420
20290
20310
20320
20291
20220
20370
20340
20370
20380
20470
20440
20491
20620
20590
20370
20370
20200
20470
20220
20570
20351
20380
20560
20500
20350
20440
20420
20270
20461
20670
20440
20700
20480
20370
20370
20450
20591
20530
20340
20490
20360
20420
20270
1814851
27880
22450
21210
20790
20361
20390
20810
20950
33030
20550
20660
20731
20530
20600
20550
20340
20350
21270
21130
20340
20251
20420
20300
20390
20450
20340
20440
20460
20421
20360
20510
25250
20800
20940
20380
20650
20551
20460
20740
20620
20360
20450
20680
20950
20601
20690
20380
20370
20390
20530
20640
20600
20600
20681
20530
20780
28040
20510
20450
20610
20440
20501
20520
20430
20740
20490
20670
20470
20420
20491
20510
20520
20380
20420
20680
20610
20770
20631
20560
20560
20450
20490
20550
20420
20630
20681
20350
20760
20450
20600
20420
20580
20350
20371
20590
20440
20520
20440
20520
20360
20350
20651
20440
20620
26940
20490
20420
20310
20510
20711
20360
20280
20460
20510
20380
20470
20440
20430
20341
20540
20290
20320
20380
20400
20260
20320
20731
20360
20340
20650
20300
20450
20250
20500
20501
20540
20470
20370
20450
20330
20320
20330
20560
20611
20490
20470
20590
20840
20440
20370
20370
20461
20420
3049848
29930
23670
21400
20660
20500
20640
20531
20690
20720
20440
20590
20410
20300
20450
20450
20421
20480
20400
20550
20840
20560
21140
20420
20191
20450
20390
20380
20600
20550
20880
20510
20711
20380
20500
20440
20900
20530
20370
20460
20480
20281
20250
20480
20500
20300
27470
20310
20310
20391
20840
20440
20620
20520
20450
20520
20380
20421
20610
20470
20560
20420
20530
20590
20900
20421
20290
20380
20360
20270
20510
20610
20790
20211
20510
20660
20630
20290
20350
20320
20340
20321
20370
20480
20570
20520
20440
20230
20640
20291
20470
20580
20580
20320
20620
27340
20540
20381
20370
20420
20570
20370
20380
20520
20280
20310
20401
20460
20270
20430
20230
20380
20430
20610
20351
20340
20680
20380
24660
20840
20790
20550
20411
20570
20360
20390
20480
20610
20460
20460
20440
20391
20350
20500
20460
20460
20530
20450
20400
20371
20430
20590
20580
3038488
30380
22770
21320
21160
20820
20721
20720
20370
20520
20570
20820
20570
20590
20591
20650
20260
20610
20560
20470
20420
20620
24761
20810
20670
20510
20610
20430
20400
20590
20560
20731
20520
20720
20500
20470
20640
20450
20470
20581
20450
20680
20460
20740
20490
20570
20600
27221
20380
20420
20620
20530
20750
20520
20380
20471
20530
20670
20430
20390
20360
20720
20340
20391
20560
20530
20640
20620
20560
20660
20550
20661
20430
20500
20530
20600
20370
20370
20510
20501
20540
20700
20600
20300
20450
20550
20800
20600
20321
20600
20450
20510
20650
20400
20490
26441
20750
20700
20490
20670
20320
20390
20660
20540
20501
20600
20580
20500
20630
20560
20550
20660
20491
20590
20530
20600
20600
20620
20520
20560
20361
20470
20290
20400
20500
20470
20440
20590
20590
20531
20440
20520
20490
20590
20430
20520
20360
20291
20560
20370
20370
20630
20650
20660
4062514
29830
23471
21630
20920
20800
20790
20620
20510
20590
20451
20770
20440
20520
20320
20530
20390
20430
21010
20571
20560
20380
20420
20410
20460
20570
20500
20451
20440
20440
20400
20490
20730
20640
20720
