8543582
8454481
8088349
9083825
7439246
7639187
8014489
7626197
8545162
7504366
7760138
7702758
8249610
7758238
8236010
7818018
8061139
7722088
8519612
8205870
7939058
7800868
7754998
8155310
7672267
7588667
7845098
7890999
7855048
9521456
10001039
9995759
8998534
14005478
12499221
7662157
7882179
8444451
7518407
7641827
7469846
8066730
7503456
17319795
6594772
6742333
7260525
7390516
7779748
7550937
7638987
7621507
7621387
7654228
7733537
7713158
7589397
8783372
8321561
7879679
7824558
7910318
10254720
7952549
10971353
9205125
9004464
8176160
8820753
9003364
8996664
8908543
10824893
8739013
8526841
8999934
8473711
8462821
9066775
8995604
9897518
8827923
8795283
7920878
8488202
9066884
8811613
8336450
9678598
8860753
8743462
8500452
8617042
8450991
8371361
9072284
9556727
8355290
8181360
9046294
