7731818
8337020
7887709
7814888
7780738
7906928
8873714
21961687
8342760
7999919
8999264
8105440
7894058
8588872
8413411
8745253
8224010
8457131
8235600
8096800
8151329
8600862
9381416
8214830
8476561
9346216
8247150
8152150
8295980
8940914
8250460
8938974
8238420
8482601
9473256
8346801
8381121
8062339
8899313
8353311
8672062
10331161
11627596
11368566
9000344
11002653
9008844
8407031
8289741
9301265
8169750
7976219
8556851
8867484
7996399
8860803
10277650
9142164
8464082
9152014
9095455
13255154
8188590
7920939
6445771
6928954
7266745
7358696
7547527
11660067
7718767
8606542
8088020
9956398
7482647
6554012
7634587
7426346
7692948
7919718
8142380
7656017
7723678
11251235
7852128
8128319
8154310
7957259
8016049
8233870
8189530
8910044
10115899
10441191
12007368
9054684
8344841
10418031
8144740
7426156
