8728142
9234265
8567962
8596152
8775202
8826154
8230050
8830923
8622412
8442031
9570527
10265860
9931748
8585992
8013159
7783788
7986379
7762508
7674997
7553977
7789938
8488641
7578017
7703008
8063399
8108609
8446682
8552771
10270750
8242010
7841419
8644802
9000174
9000544
9435456
8566111
7714578
8287340
8124950
7870348
7823628
7963659
7771938
7945889
8141979
7711938
7985239
8160890
8171459
7641808
7882998
7705468
8123479
7889809
8181050
7835908
7622157
8373491
8061339
7553837
7968879
7660277
7718388
9101324
9003704
10993814
10000878
13002094
10205959
7899509
7946879
7741307
7909499
7672587
7784368
8205720
8122070
8052529
7981769
8148760
7922118
9098475
8075569
8569322
8407191
11353945
8303441
7401816
7313635
7878749
7538176
7790608
7672448
7695017
8655452
7835239
7573157
9337525
7999249
7856228
