8539471
8437672
7971528
8178240
8156500
7979559
8885293
8001489
10561721
7992409
7993559
10006039
8999864
8336630
8909444
9424046
9011974
9555996
11708147
8127570
8095589
8659532
7263056
7985409
8065049
7774098
7836538
8416811
7814428
10351401
7894298
7881109
7747277
10103660
8191739
7922809
7837908
9071654
8413651
9132835
9882738
8569642
7873568
8975224
8151960
8298030
8101460
10607141
8272281
8076069
8278860
8052960
9095434
8046149
8496851
8186670
9133965
8660212
8428061
8877843
8168630
8853643
8261791
8725702
8966744
8488981
8635502
8700323
9582396
11584767
11423095
8767063
13233015
8690932
8128080
8245610
8015759
8135779
8014350
7947258
8675423
7832518
8866493
7908759
7988769
7948558
8227910
8840343
8121760
8938924
8038339
8062099
9003854
8970644
7885138
8462121
8302191
7935528
9810558
8655412
