1545887
1547477
1532067
1548637
1584788
1601857
1545008
1547927
1543517
1547077
1550518
1550927
1552987
1544817
1551407
1537928
1558157
1551167
1560987
1588928
1584617
1557508
1552187
1554067
1549177
1553918
1554367
1554097
1557397
1562758
1593517
1608038
1619007
1601888
1578817
1572857
1572388
1593267
1576888
1574617
1576327
1556917
1563218
1544477
1551507
1570408
1568387
1571577
1549627
1557227
1553917
1560997
1556458
1564447
1565167
1570638
1574087
1564987
1562127
1556998
1584197
1572898
1585387
1587557
1563968
1635097
1625358
1625907
1700628
1649418
1639598
1629107
1656068
1662198
1722808
1688038
1639148
1699137
1681477
1677998
1663208
1690158
1646988
1619397
1623008
1605457
1621728
1591007
1683468
1685818
1680858
1700688
1660678
1642597
1640048
1620438
1623797
1617708
1608707
1593488
1578807
1572227
1570618
1567337
1580837
1577968
1568117
1563567
1559488
1557197
1543067
1557797
1596358
1624288
1618437
1589088
1590727
1567907
1555148
1573447
1554727
1564077
1568878
1572257
1568797
1555338
1577857
1558967
1556808
1556307
1549267
1544947
1547338
1551747
1553307
1561407
1553818
1555167
1550747
1556177
1559158
1558957
1564647
1546328
1552997
1555067
1563517
1548348
1550797
1549397
1552107
1550388
1553107
1556967
1543547
1554868
1545777
1547857
1545977
1554847
1547868
1550147
1551618
1548298
1550598
1552448
1558298
1549288
1553188
1545908
1555208
1553978
1549798
1549938
1546838
1554018
1544758
1548568
1546478
1549558
1544898
1557258
1548438
1546948
1559978
1570228
1574318
1555568
1562449
1562578
1558378
1567738
1558278
1556558
1556368
1560548
1563738
1561308
1563718
1558878
1555588
1557128
1559108
1545618
1553528
1542458
1552828
1556478
1540598
1556568
1548608
1553398
1545278
1550008
1549368
1555498
1556588
1546198
1556108
1546268
1552898
1544218
1574898
1560808
1556548
1559248
1557588
1570199
1543647
1551218
1548338
1553208
1556828
1554779
1554128
1545628
1550188
1545417
1552119
1539997
1557698
1558497
1565029
1560378
1569158
1573648
1550698
1558518
1542928
1568258
1566578
1564668
1561698
1547388
1560318
1548278
1549678
1545008
1552628
1545768
1564328
1552578
1543518
1554458
1560628
1558918
1555778
1555298
1549278
1553428
1552978
1553888
1552468
1547148
1549728
1544238
1555928
1549178
1561008
1573619
1557318
1569368
1546128
1559778
1558238
1556918
1556158
1563318
1574338
1567238
1567408
1551428
1572258
1566558
1574558
1560068
1566319
1573188
1555958
1567888
1550778
1561438
1566768
1566478
1565268
1559228
1565458
1568048
1560268
1557749
1556717
1571409
1562848
1562468
1557348
1560778
1553798
1565768
1554998
1550328
1583588
1595368
1604169
1571958
1571808
1575038
1564258
1590038
1564998
1585748
1572999
1568378
1582188
1564408
1565508
1556108
1558148
1555888
1557368
1565838
1568538
1571918
1564299
1562798
1595188
1592758
1574748
1571778
1578738
1579819
1593128
1576638
1571308
1571288
1562238
1566678
1557298
1559758
1555068
1558538
1562818
1549008
1560969
1554217
1556049
1553648
1552588
1552788
1562148
1554588
1553358
1558368
1549898
1558428
1546328
1554078
1554428
1553558
1559158
1547148
1556358
1550728
1554088
1550708
1554068
1543348
1553078
1561108
1554388
1556268
1546098
1560648
1543238
1556328
1564948
1571148
1568738
1558898
1564078
1561218
1552048
1558428
1560848
1554659
1561678
1549988
1551658
1559348
1548598
1556168
1545028
1550188
1549008
1559088
1558138
1546748
1559508
1551668
1557138
1550698
1563618
1549998
1553648
1559718
1553918
1561298
1550398
1564118
1548578
1547118
1561178
1547298
1559898
1542888
1555708
1553068
1560628
1555198
1560808
1564058
1562828
1571418
1564239
1569708
1559978
1572528
1551998
1582298
1559308
1552458
1568988
1563848
1575588
1571698
1572398
1578039
1562398
1562778
1566488
1558518
1558208
1558718
1557278
1557398
1550418
1550458
1557318
1546558
1557348
1543518
1555468
1554218
1549798
1560658
1546718
1551638
1549668
1555598
1548898
1554408
1547278
1558238
1554858
1549128
1557708
1548918
1558908
1541398
1551428
1550008
1555108
1561448
1545418
1552158
1547378
1552938
1553928
1557858
1547798
1560248
