1548978
1540738
1547388
1549178
1548888
1549698
1581938
1548458
1559199
1553178
1543977
1549038
1538967
1552758
1540198
1542928
1541758
1549478
1544158
1545018
1542088
1538818
1549568
1541638
1548128
1543668
1556038
1540618
1548918
1546398
1542268
1551698
1537538
1545858
1546138
1557028
1545368
1551878
1540538
1553428
1541288
1567138
1554418
1540398
1556448
1543648
1542168
1689028
1549368
1551538
1546228
1549428
1546748
1551638
1539768
1546258
1540948
1570508
1545278
1544958
1546398
1539848
1548298
1538718
1542558
1547278
1547648
1541108
1545558
1542698
1544858
1548878
1545528
1550558
1537078
1558058
1532928
1544508
1543198
1545518
1553258
1540308
1546278
1543838
1541587
1544048
1553738
1541098
1552478
1545748
1549068
1547798
1534878
1550958
1538298
1545918
1546448
1549838
1540198
1545458
1541678
1552868
1542268
1542828
1555518
1549768
1556088
1538968
1549728
1548298
1552608
1555678
1542588
1545368
1546618
1550228
1542848
1548468
1537228
1553548
1540828
1557118
1557618
1542208
1556658
1537378
1548538
1550868
1546898
1546078
1542728
1540628
1554428
1549968
1547598
1550898
1541198
1555997
1539098
1549238
1549518
1548548
1557729
1545827
1550128
1539818
1549148
1544758
1549388
1539808
1553048
1537778
1552348
1547768
1541348
1551038
1538888
1543808
1544978
1549718
1542558
1545428
1545008
1551818
1548898
1542028
1548468
1543568
1555228
1538778
1546238
1540558
1547878
1546398
1549058
1551348
1545658
1548058
1548028
1543158
1540587
1550859
1543087
1548569
1546377
1550758
1553458
1542438
1551448
1549668
1550658
1547908
1547378
1549128
1551998
1547278
1544268
1549308
1542208
1558608
1546168
1547748
1558308
1554338
1557438
1544098
1547798
1548738
1549058
1543038
1549488
1544298
1558278
1543258
1553738
1554638
1540618
1559088
1544948
1549298
1552948
1544738
1546538
1545118
1541478
1550888
1543698
1543588
1548128
1542348
1553228
1543238
1550418
1545788
1555508
1550428
1542758
1555048
1547808
1554548
1552658
1552958
1539908
1554978
1541988
1553118
1550658
1542118
1554358
1538208
1546918
1541208
1553758
1549228
1552218
1548598
1546358
1547878
1540958
1544918
1550148
1562498
1547708
1550708
1542378
1547928
1550908
1535538
1547577
1547168
1550158
1547448
1548528
1543288
1553308
1542338
1550018
1545598
1539968
1554008
1548498
1550338
1544638
1547428
1701909
1540588
1550468
1547388
1552088
1548648
1546648
1541068
1554938
1552038
1551888
1550638
1547188
1554188
1549648
1547858
1550088
1554168
1554998
1551388
1550478
1549208
1553838
1548568
1550738
1544418
1556378
1543018
1552118
1551848
1544848
1552838
1537848
1594288
1568758
1561308
1555388
1563938
1556468
1550408
1551358
1542178
1552398
1552838
1556128
1546128
1567868
1567388
1551288
1555358
1547958
1551678
1554188
1553168
1548688
1547248
1554078
1550708
1548908
1542298
1549558
1540348
1553958
1538568
1546178
1543478
1550868
1549358
1543958
1548728
1547718
1545108
1549928
1541888
1539198
1554878
1547838
1558178
1548038
1546248
1558028
1546288
1553448
1548998
1548788
1552208
1547138
1553998
1549178
1552438
1547818
1553388
1541008
1551848
1538008
1550798
1552868
1544118
1553798
1557258
1557238
1546948
1551008
1553738
1551168
1538528
1554048
1551238
1550228
1557288
1546858
1556198
1540798
1555248
1552418
1550908
1555068
1542198
1544628
1552078
1549668
1549248
1552068
1540858
1554548
1547998
1556618
1552908
1540818
1555308
1547238
1554408
1563138
1556468
1548338
1549968
1548228
1544868
1546678
1551778
1547038
1543608
1553578
1547188
1555838
1549628
1547778
1556718
1543428
1554428
1552938
1555358
1549858
1563218
1549418
1555688
1547188
1553058
1551708
1542238
1558528
1548268
1558568
1550578
1551408
1556828
1546228
1551048
1549038
1557438
1558158
1557318
1544878
1552098
1555818
1548008
1552088
1545608
1553468
1545048
1550338
1546748
1552808
1549848
1538438
1548898
1544988
1554098
1543168
1552708
1541698
1555198
1547758
1553478
1554428
1549908
1549468
1540038
1554708
1546988
1549448
1545248
1551268
1542748
1561748
1549938
1546768
1551738
1546278
1555138
1544248
1552138
1551548
1548428
1552868
1540638
