1553548
1548498
1547678
1538108
1559328
1548278
1554348
1544418
1544508
1557438
1544018
1554468
1543538
1546288
1540918
1549248
1545178
1552698
1546728
1542997
1546339
1545317
1548088
1547278
1553088
1547048
1555638
1549598
1546938
1545618
1543648
1552748
1544758
1546318
1533008
1551218
1538518
1542018
1543498
1548548
1558708
1540568
1548768
1547988
1549888
1545848
1556888
1547618
1548138
1549298
1550828
1549448
1543048
1551528
1542048
1552558
1542378
1546358
1554838
1549418
1553668
1543658
1555988
1545338
1552258
1561708
1559948
1544178
1555698
1554098
1541838
1553328
1541888
1550728
1545748
1548478
1551798
1553798
1547938
1549518
1552568
1545298
1551478
1546148
1559088
1541908
1551418
1546628
1551138
1560348
1540748
1550698
1547058
1550498
1543018
1557988
1541318
1556758
1555298
1547928
1551118
1550008
1557608
1578598
1578078
1563368
1560248
1564228
1550388
1556558
1550218
1544868
1549038
1551408
1537158
1547848
1551438
1543598
1551548
1551428
1557828
1536818
1551158
1548518
1547268
1547508
1547508
1550428
1540668
1551328
1545768
1549278
1540168
1553168
1543578
1547568
1555318
1539498
1550888
1537568
1559568
1543518
1548188
1547758
1552058
1547828
1558908
1554568
1548768
1551248
1546598
1555278
1545768
1551078
1547718
1549208
1554658
1542318
1544388
1545628
1545818
1544368
1546377
1543358
1556078
1543948
1554998
1544358
1536308
1550438
1537448
1546718
1549238
1548338
1549198
1555598
1540238
1569658
1549238
1547918
1550838
1537718
1557878
1541008
1545798
1543508
1548038
1550008
1538138
1548458
1539378
1545258
1546058
1546498
1542608
1554388
1540028
1551918
1549888
1540248
1552078
1544058
1553748
1552768
1547688
1545958
1547618
1543938
1557788
1554008
1548938
1550548
1542788
1554538
1539768
1549268
1544068
1556978
1565638
1542288
1550978
1548218
1550788
1545368
1542938
1538288
1556168
1543718
1553408
1549447
1540918
1553938
1540828
1548148
1546958
1550458
1549628
1558138
1543828
1544128
1555908
1553638
1553768
1545838
1554228
1538388
1550698
1544328
1545068
1552598
1544628
1543578
1538388
1547678
1550848
1554318
1545398
1548308
1540588
1553668
1553718
1550698
1560328
1543818
1556868
1549978
1547038
1549938
1550108
1546138
1548588
1552148
1544758
1552538
1540278
1556458
1550248
1550688
1571608
1560918
1565468
1550938
1556268
1551068
1552668
1547498
1557968
1554678
1550428
1545438
1541978
1553038
1544908
1554228
1545458
1547618
1550538
1545918
1550668
1543478
1551128
1549338
1550528
1544008
1552548
1540998
1555028
1553078
1551758
1553718
1549378
1555628
1538748
1548968
1545998
1550668
1544088
1549028
1550348
1547078
1549408
1548738
1551638
1543828
1545698
1539578
1546728
1550518
1550498
1547338
1541668
1549478
1546488
1547098
1544798
1549848
1540798
1556308
1547748
1550558
1547578
1542378
1550068
1542448
1551318
1549348
1549248
1550768
1554078
1551798
1543198
1548578
1547327
1553829
1540197
1552458
1545848
1557109
1562567
1549239
1560918
1545138
1559988
1552888
1553398
1550848
1550578
1551748
1544878
1549378
1547318
1547268
1545988
1559468
1540258
1548397
1550789
1558848
1559768
1544498
1550898
1548668
1553328
1545458
1548017
1541729
1554687
1548839
1546097
1546208
1544398
1548448
1542088
1545008
1539868
1545198
1549278
1547798
1547738
1539048
1546538
1545858
1546218
1544168
1554818
1545008
1550698
1555638
1551498
1550658
1546418
1550428
1544838
1550188
1545898
1614608
1580828
1554299
1559787
1549208
1549158
1539438
1557468
1544968
1553268
1546998
1547098
1549148
1545518
1550798
1549528
1551488
1548248
1546318
1547148
1552798
1549378
1548918
1553568
1542598
1554388
1544118
1552988
1547118
1556138
1544838
1552368
1552778
1549558
1551868
1545128
1555288
1546958
1558458
1546958
1559448
1557238
1548048
1552498
1547448
1555768
1543988
1555728
1551668
1549878
1550508
1550088
1549488
1547158
1560598
1546888
1559038
1546708
1549778
1546658
1550338
1551108
1538478
1547788
1549388
1549178
1545918
1548198
1548248
1553698
1553408
1545198
1550268
1548918
1562398
1541768
1553278
1552738
1552288
1552218
1553268
1550098
1553168
1556008
1552298
