1535858
1535288
1545328
1537948
1543068
1542068
1542488
1538558
1544718
1540548
1547248
1537318
1548918
1549288
1534018
1543498
1539058
1545918
1541038
1546098
1543597
1543858
1538038
1546578
1542558
1546448
1551558
1538348
1552668
1542228
1548248
1548258
1542388
1539768
1543598
1543578
1544138
1543928
1539608
1540438
1532498
1549528
1535318
1542488
1541358
1541698
1549477
1538748
1542648
1538368
1543378
1543278
1546308
1537168
1549168
1539558
1551068
1551568
1538188
1552078
1534148
1546408
1541918
1545258
1538848
1549978
1541448
1554838
1541438
1544768
1541998
1537938
1548117
1532488
1545088
1541848
1548708
1537958
1541558
1534488
1545328
1543538
1544568
1541948
1534768
1550558
1535248
1542168
1544418
1542678
1542228
1547118
1543378
1542448
1541848
1537217
1545288
1536168
1552798
1533508
1539858
1542748
1548268
1552278
1533588
1544948
1544728
1546008
1542198
1538958
1540458
1547788
1535278
1544978
1542398
1546238
1550418
1543398
1556478
1551228
1548258
1542148
1545308
1538847
1552478
1544228
1544188
1548268
1537728
1549558
1537748
1544848
1539758
1544248
1540298
1541018
1533918
1550768
1544848
1538368
1545938
1535178
1554878
1537878
1546758
1546058
1550518
1541028
1542058
1546627
1540638
1545457
1541168
1541888
1536648
1549618
1537868
1544758
1542678
1540718
1548328
1537848
1548048
1542588
1546298
1541128
1545858
1538838
1540068
1538738
1553028
1547838
1543068
1554508
1535718
1544087
1537398
1545708
1544008
1547438
1544098
1547578
1543548
1541658
1548978
1542158
1551468
1536538
1545008
1543768
1548358
1546738
1547418
1544148
1549318
1550518
1550118
1549908
1538288
1552948
1538038
1546628
1549728
1588018
1567348
1544368
1552108
1544358
1548358
1546578
1550138
1545368
1551608
1548928
1543928
1546828
1539938
1551798
1538598
1548768
1541728
1547418
1549018
1550558
1550158
1544398
1555098
1540368
1546848
1539227
1555799
1546167
1549839
1549287
1538808
1553248
1541238
1549358
1542618
1546828
1544898
1547728
1543348
1552848
1546888
1547028
1544468
1543208
1553848
1541068
1550368
1542398
1549308
1542958
1550738
1547158
1544108
1551298
1542558
1552778
1538178
1548668
1534768
1547878
1541008
1546318
1548578
1540918
1545068
1542758
1547038
1542907
1548888
1546208
1550798
1541548
1546538
1548128
1538438
1551468
1543818
1544718
1539568
1549468
1544148
1546328
1549408
1551858
1551258
1544938
1546008
1538028
1550848
1548198
1549598
1545338
1550728
1553198
1537338
1549738
1545958
1546628
1551008
1551618
1545688
1551648
1542018
1560758
1550208
1541818
1562838
1549618
1553158
1548158
1559028
1565608
1550618
1553918
1556278
1554588
1543538
1554028
1545918
1555548
1543868
1550928
1552168
1544928
1551918
1547338
1551818
1551518
1551398
1545968
1551668
1541158
1577158
1551978
1549338
1555958
1551768
1560048
1545828
1552378
1552138
1555038
1556908
1547568
1555428
1551258
1548488
1550698
1554268
1545318
1553038
1552948
1547658
1549778
1544478
1558878
1543918
1549828
1547668
1550318
1543918
1552028
1549788
1549448
1555648
1549538
1554448
1538598
1558098
1550738
1557958
1553308
1539568
1557548
1546758
1558528
1544288
1553218
1551108
1553238
1556768
1548808
1556848
1547058
1548078
1543608
1557308
1555968
1552858
1544668
1551918
1554528
1538588
1557448
1547318
1549468
1543538
1552978
1545458
1550238
1549438
1542978
1545528
1543038
1554938
1543468
1548778
1546028
1547498
1547538
1549698
1549708
1546408
1550498
1551128
1554138
1543868
1557018
1539668
1551838
1549148
1547388
1556348
1542858
1547218
1547227
1550589
1546727
1549748
1544838
1556728
1549528
1546468
1545778
1543658
1561288
1542488
1552728
1550938
1551698
1555278
1544448
1551828
1552548
1549448
1544838
1550018
1541558
1556508
1547968
1555738
1554038
1536018
1555268
1548448
1546878
1550838
1548498
1542408
1551688
1553158
1547718
1553408
1543828
1551418
1543948
1555268
1546108
1553948
1547868
1551408
1553708
1544168
1557288
1551238
1556168
1546068
1554828
1548778
1560848
1557248
1554528
1558728
1550258
1563338
1542118
1549918
1545778
1556108
1553868
1543708
1555678
1545588
1553488
1550028
1556598
