1545908
1542608
1542858
1533538
1546808
1529757
1575769
1545358
1542388
1547567
1534208
1542658
1536898
1540438
1535668
1549988
1534538
1545048
1541568
1537388
1543898
1535478
1544878
1528458
1536518
1544048
1546748
1544177
1544528
1546368
1538658
1538358
1538988
1547888
1537418
1554918
1533968
1548078
1543048
1552458
1561418
1540538
1550238
1550798
1541868
1532548
1542328
1536098
1547788
1535568
1575158
1547078
1538938
1550958
1539768
1550158
1542998
1546278
1542388
1547668
1539928
1548117
1548208
1541348
1545318
1540338
1548008
1536048
1548408
1540708
1547458
1538598
1551018
1546648
1549278
1548508
1544198
1544198
1538628
1552638
1538928
1552448
1549838
1547138
1549228
1541548
1550108
1542608
1543468
1544328
1548398
1546988
1551878
1535928
1549298
1550218
1542387
1546698
1537208
1549298
1543748
1547748
1545408
1550188
1540358
1548398
1547578
1549148
1550628
1538538
1553148
1542338
1548558
1539268
1547108
1551408
1549588
1550048
1542878
1546978
1543518
1546148
1544248
1561668
1541888
1555148
1544178
1536428
1561278
1546518
1549088
1548498
1552728
1546688
1557328
1549108
1548238
1543158
1543598
1546638
1539948
1552858
1539308
1547858
1548248
1542558
1543848
1543097
1549528
1551148
1549208
1545518
1552178
1539598
1547438
1543738
1551688
1552578
1545758
1555758
1544668
1548608
1546458
1556628
1545348
1550668
1544308
1555388
1548998
1549558
1552178
1542258
1555198
1538788
1548688
1544528
1546918
1550048
1543298
1548588
1542418
1546808
1540478
1551128
1540018
1559848
1545938
1550468
1552268
1540918
1552778
1541628
1548668
1543668
1546058
1545238
1549458
1543408
1549648
1555908
1545758
1563728
1543108
1551468
1543298
1552458
1546208
1548268
1553968
1542958
1547958
1539627
1546689
1541747
1548848
1536848
1551428
1534368
1541778
1551908
1540478
1549188
1538198
1544548
1543108
1548108
1544158
1553438
1545508
1551168
1552458
1538208
1548688
1542348
1551208
1546038
1554128
1541668
1547398
1546458
1545188
1545678
1541368
1550598
1545688
1550628
1538088
1561188
1549048
1552738
1549938
1547918
1554508
1542428
1547548
1543907
1552808
1543567
1548578
1544478
1552168
1553668
1544288
1549458
1545598
1554488
1547778
1555758
1546218
1555748
1548958
1551148
1550628
1548658
1554148
1544928
1551888
1540318
1557788
1542468
1556338
1555848
1547778
1553678
1540388
1550008
1547928
1549258
1548348
1547028
1545048
1553908
1551708
1545678
1556558
1546218
1554648
1551418
1553888
1551128
1551978
1551718
1540288
1553038
1562458
1553458
1547458
1554238
1554328
1559978
1550478
1549008
1554968
1545608
1552418
1544268
1552128
1548058
1547158
1550168
1549748
1552518
1548908
1553048
1545648
1556738
1549168
1555518
1541238
1551028
1548968
1549908
1552148
1542558
1550358
1541788
1553608
1548408
1550438
1547868
1554878
1549148
1550678
1546478
1542318
1556198
1544228
1549958
1547168
1547938
1548128
1543128
1553478
1548038
1553558
1549008
1551258
1539508
1554008
1544088
1555078
1552148
1541938
1555918
1545288
1557598
1550248
1552638
1551428
1554518
1548428
1545648
1550958
1548908
1557598
1542778
1554318
1539118
1550838
1556048
1547718
1555508
1540878
1552508
1548828
1551108
1542808
1553398
1547238
1554468
1548128
1540758
1552758
1546318
1549268
1545778
1549518
1551868
1551088
1554238
1540658
1548188
1551198
1556918
1545348
1552398
1537328
1551648
1537107
1550299
1551737
1547339
1576198
1546648
1549288
1544928
1553888
1545478
1553738
1553998
1549428
1553288
1549578
1551748
1547008
1555018
1542958
1550547
1554148
1548848
1556948
1548998
1547348
1542187
1549778
1550528
1548638
1543767
1559469
1548197
1542057
1548618
1542868
1560468
1544328
1545028
1548558
1549508
1546048
1552788
1549928
1543728
1551568
1543998
1551768
1539328
1550878
1542918
1550008
1554308
1540698
1549588
1540058
1549818
1546268
1552458
1549928
1552688
1543348
1562008
1550128
1554788
1547888
1551638
1554388
1536678
1549008
1545438
1543698
1553848
1542938
1546888
1550058
1553648
1547108
1545698
1542028
1550878
1541668
1549778
1555258
1538438
1553358
1541078
1553718
1547838
1551288
1547178
1552248
1544568
