1549588
1535298
1544278
1537298
1538788
1543228
1542508
1543408
1540978
1538127
1535408
1543038
1541308
1542908
1528518
1541598
1537478
1541398
1546788
1544228
1544488
1540158
1541938
1536398
1545428
1532098
1551498
1537297
1543439
1540247
1544158
1545778
1540678
1542758
1536168
1542808
1545488
1545018
1533988
1545778
1531468
1547198
1548338
1540008
1552218
1533588
1546958
1541148
1542818
1536158
1538927
1535038
1546828
1534468
1550088
1544148
1585258
1571368
1544469
1545447
1543898
1547978
1548958
1543048
1545518
1540958
1548418
1540188
1543388
1542008
1608728
1575729
1598698
1588138
1542898
1554948
1542678
1542448
1545068
1551398
1561548
1541798
1547598
1543138
1544588
1549668
1543098
1539148
1548708
1537358
1547008
1579538
1539258
1569448
1544578
1546028
1541488
1561518
1580628
1544578
1538808
1540718
1541378
1536068
1546948
1537247
1549438
1538318
1543738
1541678
1550978
1543078
1552478
1547748
1543388
1540758
1535378
1545298
1539758
1550998
1543038
1544338
1579108
1579248
1548908
1539428
1539718
1542968
1546688
1542478
1542008
1538688
1552138
1545848
1540198
1545328
1539188
1549058
1545988
1547598
1547818
1549458
1692498
1535988
1544608
1540038
1545558
1536978
1555478
1540458
1551878
1549378
1547508
1564688
1566858
1571538
1573248
1572579
1561468
1551228
1549548
1541958
1546998
1543637
1544258
1543698
1546158
1537968
1551588
1538418
1549778
1547788
1536738
1552418
1542198
1549878
1544238
1547578
1542938
1543118
1538358
1557278
1553058
1541678
1546428
1535978
1548338
1538098
1544518
1547038
1549468
1542668
1551808
1549228
1549798
1544968
1540728
1545927
1537348
1555548
1534538
1546378
1541368
1542278
1554218
1541888
1550938
1541858
1547828
1541958
1544498
1546598
1558918
1546808
1549848
1546808
1544948
1552708
1538068
1550128
1565658
1580368
1576028
1547088
1554938
1548748
1550598
1542598
1553978
1540278
1553958
1542428
1554218
1555488
1547438
1553708
1545318
1564648
1543638
1550968
1543698
1554608
1552668
1546458
1548388
1554218
1547918
1605408
1557529
1548677
1556899
1553937
1551529
1562738
1554318
1552578
1552278
1550658
1549958
1551248
1554238
1545268
1552758
1550828
1551448
1546348
1553358
1543908
1546398
1558168
1548498
1554608
1568348
1589998
1552138
1554878
1553628
1557368
1554188
1549558
1555698
1550708
1552098
1543228
1558138
1548648
1556228
1556018
1545708
1556968
1547998
1552008
1549698
1560168
1548938
1550128
1548148
1555868
1562758
1549888
1550968
1544918
1556808
1544658
1556448
1548648
1565258
1562278
1544778
1553998
1548408
1553908
1548148
1556818
1549008
1559848
1554778
1550778
1554618
1545318
1556158
1544358
1550338
1550878
1578028
1592459
1551908
1555008
1551798
1557188
1551748
1556008
1547398
1562268
1548878
1549778
1553358
1538338
1552518
1541718
1557698
1563328
1555218
1560828
1545918
1549228
1553018
1555288
1547908
1602368
1556988
1555598
1552318
1550828
1551868
1545328
1554318
1541678
1563228
1554008
1558408
1554478
1536198
1553198
1544188
1552148
1544818
1556058
1545908
1556858
1627268
1574589
1549188
1540978
1551978
1537308
1546697
1540149
1545317
1549458
1573529
1568758
1550948
1545728
1538758
1547037
1547719
1548007
1543308
1535478
1540748
1533618
1546418
1530818
1542968
1541708
1546618
1543018
1546498
1542678
1546688
1544368
1541698
1547228
1536128
1542418
1570378
1559898
1554248
1553068
1553028
1539158
1548218
1546578
1541968
1543438
1543348
1541338
1551128
1540317
1551818
1549128
1540428
1548028
1542508
1574779
1577838
1547088
1539478
1546898
1547137
1540218
1546198
1540748
1549138
1537488
1550238
1538218
1543018
1540568
1543298
1540838
1546408
1546748
1544408
1554378
1538218
1554718
1532788
1548588
1539908
1543688
1546858
1549148
1550528
1535858
1548388
1537468
1548428
1541948
1546177
1538578
1553228
1537578
1549998
1552478
1538558
1550398
1541848
1549558
1546188
1550708
1546208
1549948
1545388
1550478
1546488
1542078
1540508
1539958
1545628
1544448
1575488
1546808
1550118
1557168
1542218
1549148
1549598
1546448
1545278
1543498
1541878
1556458
1534758
1554398
1542028
1539978
1547798
1541828
