1542858
1548578
1543758
1537998
1539688
1544388
1527758
1538608
1529618
1539648
1539088
1547967
1551369
1543007
1545018
1539368
1541548
1540948
1543988
1534438
1559558
1546738
1554328
1552498
1535038
1553568
1547138
1544628
1540488
1548968
1541218
1534648
1530348
1548348
1543568
1537088
1539338
1535418
1632838
1537008
1563948
1564218
1559218
1561278
1537688
1548258
1546788
1548928
1552328
1547288
1536598
1543838
1537808
1545178
1545168
1537128
1550678
1536178
1541308
1542468
1541907
1537398
1545078
1530998
1542488
1529538
1542458
1543628
1534528
1554468
1533938
1540068
1545568
1547158
1544338
1547388
1533268
1545298
1547608
1542428
1545107
1536048
1552808
1532478
1540488
1541258
1546828
1538578
1542548
1559338
1554918
1556858
1549458
1548078
1539128
1547778
1561378
1582198
1558788
1542208
1550038
1544848
1552638
1542468
1547158
1550308
1543568
1537088
1621389
1566868
1573768
1569038
1552368
1573828
1550008
1557888
1551058
1556748
1576108
1562858
1556108
1550388
1553848
1554618
1540798
1543008
1539388
1548308
1546438
1547418
1538758
1545808
1538778
1550588
1540478
1535758
1552248
1546998
1545108
1541998
1543908
1539578
1549748
1538688
1552198
1551028
1540127
1548248
1533458
1545768
1536288
1543098
1541028
1543598
1541338
1543618
1535988
1549108
1547308
1540718
1540368
1535168
1548178
1540728
1546198
1552378
1545168
1546908
1550628
1544448
1538958
1544108
1538867
1549028
1532448
1552358
1532288
1536488
1532188
1542728
1548558
1537828
1538648
1539628
1543768
1537318
1547428
1540408
1605318
1531648
1553648
1542418
1530528
1552688
1533768
1543998
1536738
1540287
1540888
1542478
1534068
1552338
1542468
1538928
1543558
1529928
1555888
1529798
1538548
1551778
1570418
1556158
1552728
1547978
1542978
1554558
1575658
1548068
1543708
1555188
1545038
1566288
1563428
1553448
1556098
1539058
1545478
1540798
1542978
1542878
1545298
1530728
1544038
1538788
1537588
1540388
1540608
1543718
1533118
1543057
1539608
1542518
1536758
1540398
1538478
1546408
1544408
1540838
1549778
1534518
1546728
1536248
1541598
1541788
1540838
1537668
1534838
1538638
1544697
1543538
1543978
1542078
1532378
1544058
1536418
1545468
1541078
1556948
1558058
1537438
1551308
1542758
1543048
1540258
1544178
1540158
1542808
1530198
1538288
1536888
1542588
1545217
1538448
1541008
1543688
1543938
1542138
1546518
1543898
1549718
1537908
1553578
1548548
1536258
1541508
1529418
1542068
1539468
1541528
1537988
1539858
1544668
1550378
1534047
1543848
1546398
1533968
1553498
1535648
1536748
1534528
1554738
1543138
1551408
1543218
1548438
1546068
1548448
1555988
1549208
1551038
1542288
1549578
1540488
1540018
1550968
1531688
1538248
1533348
1543038
1538128
1542147
1538558
1566208
1552739
1554748
1544667
1536568
1550788
1540368
1553438
1548338
1551148
1547478
1547538
1532598
1547538
1547658
1537318
1555978
1538178
1543278
1536518
1546278
1544768
1546838
1546888
1543618
1538848
1538518
1547908
1538898
1547608
1537488
1541668
1537687
1554878
1555128
1545698
1551938
1547248
1557778
1543738
1543618
1541438
1542468
1536778
1545138
1530328
1540838
1538008
1539138
1573658
1562898
1548178
1547258
1547018
1547968
1554348
1554228
1561768
1562298
1550508
1558248
1544668
1562078
1545268
1550448
1545968
1541918
1545308
1541028
1552298
1542148
1545678
1544518
1574368
1553258
1562898
1557468
1559958
1569688
1557618
1569578
1550599
1549807
1543428
1547588
1549128
1538248
1544848
1540548
1543608
1544528
1560288
1544858
1554168
1539398
1548558
1539148
1535218
1551938
1536518
1542868
1540328
1539858
1541278
1543338
1532468
1546238
1535628
1540537
1546068
1533878
1549048
1540228
1545068
1540058
1542488
1543838
1544988
1532178
1544138
1535088
1538558
1546008
1541728
1559688
1532208
1550408
1548528
1547158
1544648
1548908
1557838
1545828
1545778
1538588
1542108
1534967
1554489
1535667
1550808
1547548
1541938
1545178
1536088
1543618
1543478
1545128
1542858
1548698
1536108
1552118
1540578
1555258
1550448
1533168
1551768
1538108
1547218
1539808
1546978
1542798
1548378
1545858
1555668
1546848
1542878
1542478
