1536668
1546527
1539738
1524428
1532788
1528768
1531638
1532228
1536018
1527088
1530038
1523577
1531208
1526338
1533028
1527008
1531388
1543978
1525968
1533658
1530978
1534337
1527778
1531168
1524918
1539618
1531388
1536918
1533938
1534978
1534848
1536508
1538728
1529117
1535288
1540148
1550068
1535148
1540518
1533768
1548348
1534668
1540528
1530618
1532178
1537938
1529107
1532368
1526268
1542498
1534018
1537328
1526398
1536908
1530388
1540478
1536168
1539017
1530618
1530898
1538808
1530978
1530548
1529798
1539468
1530578
1535858
1542868
1532768
1537398
1532027
1530418
1534628
1539178
1531138
1541048
1529768
1539498
1526938
1538968
1537588
1540448
1530087
1551428
1544058
1551368
1543248
1541218
1563638
1544578
1563588
1535918
1543788
1539898
1540588
1533108
1586048
1574668
1567268
1560259
1551528
1547778
1544057
1554699
1544457
1590589
1608038
1569838
1554588
1532158
1536798
1535298
1533438
1540938
1532388
1537268
1538968
1540727
1535738
1537588
1535098
1539188
1535978
1542158
1533428
1536268
1534738
1542138
1556688
1550598
1542788
1540678
1538398
1533338
1561838
1546238
1574678
1547988
1540458
1557588
1535778
1546527
1538939
1538667
1535678
1540478
1531018
1549208
1538628
1535888
1536718
1526418
1543758
1533138
1538538
1540008
1533208
1538947
1555948
1535138
1554858
1543388
1538008
1545498
1534908
1541748
1527458
1533978
1533108
1534078
1538218
1537768
1536138
1543968
1532607
1532818
1533338
1572708
1539258
1532948
1544558
1533188
1538638
1537558
1534078
1529058
1544718
1536368
1538808
1532507
1531618
1540198
1530418
1538298
1537778
1533188
1535728
1541288
1532448
1544978
1537968
1528068
1542937
1534427
1544578
1533808
1539958
1534688
1539688
1530328
1540088
1536138
1545648
1535898
1536668
1561218
1551628
1557028
1544588
1547428
1541368
1549978
1546778
1552918
1546458
1541678
1542608
1538977
1546078
1538628
1553488
1542118
1540828
1545118
1543738
1541848
1528478
1543888
1536618
1533478
1540638
1537068
1533238
1543438
1535958
1538727
1691429
1528658
1538368
1530808
1534168
1535338
1541518
1535998
1543168
1531198
1551507
1537388
1530298
1540958
1535598
1544948
1533258
1543858
1539368
1545718
1534818
1543028
1529178
1544288
1554698
1539098
1545038
1534687
1545839
1527057
1536908
1537828
1538968
1541028
1551498
1540778
1533378
1542838
1534798
1542088
1534688
1545068
1535708
1534898
1539677
1536268
1534618
1539768
1540318
1535068
1540878
1539988
1543598
1538438
1544478
1536648
1542408
1541818
1539228
1537658
1549578
1539867
1537807
1538658
1530478
1539888
1531508
1541608
1530698
1539058
1533168
1543058
1535798
1539368
1539148
1535707
1542018
1534548
1542388
1530318
1547358
1535658
1537458
1540818
1538178
1537358
1536218
1537558
1539908
1543348
1541138
1544258
1535157
1543968
1530058
1542248
1535778
1544748
1546558
1538828
1544298
1539528
1542658
1538938
1543338
1537058
1546258
1537898
1549028
1540908
1547148
1541757
1533168
1545438
1537318
1546498
1538138
1539308
1531058
1542348
1534638
1542528
1544098
1537858
1550578
1534668
1548568
1540878
1539708
1537668
1542077
1533168
1544948
1534018
1549788
1538028
1534338
1548788
1536348
1546138
1540698
1542118
1534348
1537198
1534538
1551618
1555758
1543208
1548998
1537218
1550338
1541308
1545008
1544687
1542238
1540568
1544238
1540018
1542828
1541518
1536548
1541438
1532928
1547048
1548278
1546758
1541758
1544588
1540418
1541548
1549958
1541818
1542568
1539348
1541528
1531827
1546928
1532298
1539588
1542978
1542038
1545798
1535168
1558158
1550868
1553388
1538048
1543688
1535548
1546878
1538068
1541518
1539798
1533728
1542298
1534888
1536247
1534018
1534978
1542408
1541628
1530388
1544688
1534638
1540798
1539598
1533278
1549238
1535168
1542428
1540898
1543738
1545447
1539528
1529498
1542448
1528958
1538348
1537958
1535318
1542168
1531238
1536278
1541208
1537388
1537438
1548328
1537517
1547468
1535818
1545808
1542228
1536058
1548068
1538798
1546498
1540048
1543748
1539118
1544168
1530388
1546348
1538418
1542798
1539938
1535268
1542627
1534888
1544548
1534358
1544158
1537868
1538638
1532788
