11035928
11065030
11089730
11102968
11106150
11132708
11182000
11204689
11214629
11235059
11256459
11264190
11264440
11265900
11269940
11281249
11289871
11298720
11306270
11306631
11310210
11313600
11346751
11348570
11349021
11355620
11355800
11373760
11377171
11388780
11394020
11394750
11405120
11407740
11415280
11416660
11417331
11419831
11425340
11429980
11442739
11445770
11447231
11464511
11477811
11483241
11486263
11493610
11503041
11504891
11505090
11505741
11521922
11536693
11540181
11547430
11550801
11576071
11590322
11604283
11627231
11629400
11631231
11650900
11662710
11676732
11689002
11719082
11731883
11748162
11748222
11748808
11749852
11755105
11803142
11815138
11836395
11847113
11853668
11872715
11888373
11911905
11931532
11968646
12104924
12157344
12414345
12449635
12470676
12549046
12653467
12719557
13855750
14800618
15064086
15285988
15580192
16406217
24209777
24302488
