10491025
10522087
10589337
10603877
10625305
10627485
10630527
10632557
10655335
10656096
10659706
10667966
10695906
10707106
10731677
10732528
10735176
10736166
10741687
10749598
10752726
10752826
10757416
10761266
10770576
10771946
10775818
10781076
10788528
10796216
10797408
10801246
10806168
10807087
10817426
10821597
10839196
10843836
10847747
10862717
10865757
10867066
10869317
10869887
10884448
10885417
10908457
10923977
10928079
10933677
10937269
10943007
10944519
10944876
10948317
10959166
10972138
10972708
10985469
10997829
11002018
11006377
11011339
11011838
11013757
11022017
11034669
11072669
11072759
11091438
11147138
11153018
11159059
11183877
11206468
11208198
11259789
11327279
11342399
11346440
11389640
11442660
11592012
11627660
11642161
11744422
11785022
11874542
13258199
13507700
14176576
14264804
15231780
15405130
15557233
22532658
29126702
32496600
33349174
36838603
