10911382
10924992
10952392
10958338
10958936
10969669
10982426
10988277
10989369
11004896
11019249
11022900
11035029
11044020
11052017
11077619
11077989
11079488
11090522
11100069
11102329
11151558
11154350
11161199
11164410
11180229
11189854
11199300
11201907
11241878
11263010
11263550
11273420
11295158
11303140
11315051
11317030
11320991
11326890
11336491
11342030
11346141
11348490
11354210
11361670
11362960
11370730
11372358
11372471
11383038
11385170
11385459
11387531
11388730
11392271
11402501
11412710
11415739
11433371
11435830
11436770
11440221
11440770
11442681
11454939
11460441
11464169
11464261
11470351
11491471
11495621
11496471
11520011
11525621
11532232
11536202
11552742
11553850
11558540
11590902
11592541
11592872
11672662
11676872
11687952
11721722
11777223
11780363
11801483
11803813
11844923
11923514
12028084
12367856
13430971
13789934
14321276
14642578
15233021
15654204
