10513764
10574628
10589518
10665509
10687038
10694299
10711559
10725050
10758120
10765756
10786146
10796621
10809390
10837720
10852209
10857671
10858090
10881410
10884442
10888650
10899801
10912340
10922500
10940819
10954830
10959280
10973357
11007701
11052889
11053011
11092621
11097502
11110810
11127333
11127420
11166118
11190069
11204530
11206703
11212150
11250440
11286981
11289343
11301021
11337352
11338132
11347432
11358419
11370206
11383194
11407845
11410483
11422543
11425082
11428872
11454815
11469411
11546506
11564911
11566073
11598943
11599332
11599823
11608082
11644843
11648143
11678153
11679383
11700904
11702464
11739057
11834163
11854207
11922137
11936107
11985318
11996265
12081159
12116658
12130717
12144678
14072965
14284078
14456408
14609670
14755720
14828344
15758084
16776335
17666766
17819960
17930477
18023858
18027887
18091092
18281213
19402396
28152939
33706600
52726881
