7629636
7629686
7626446
7624116
7611645
7636376
7620186
7636056
7610106
7607736
7619485
7663726
7640995
7642836
7635436
7624716
7717936
7629286
7652396
7650506
7631676
7635926
7624666
7627296
7607296
7627966
7612115
7630596
7646386
7635736
7642786
7665436
7637066
7624606
7634276
7629866
7634896
7610946
7613005
7625726
7693526
7637216
7636656
7610276
7626096
7682786
7637366
7614266
7602456
7622075
7661586
7639786
7665176
7655266
7644826
7654506
7642676
7649296
7606996
7597506
7624846
7634056
7634536
7622505
7658016
7601126
7712016
7661786
7709657
7680396
7668226
7664546
7666416
7745797
7627995
7615185
7670486
7651366
7673836
7628586
7643616
7645156
7634606
7623036
7626946
7629186
7584246
7637775
7642016
7648626
7650926
7674897
7653745
7620216
7638096
7629946
7702426
7658546
7679567
7629975
7658596
7626186
7678576
7649055
7672476
7671486
7699966
7643406
7699386
7633166
7669096
7658726
7683406
7639726
7705946
7662956
7647676
7648856
7635886
7641096
7661336
7631226
7656476
7644336
7649936
7646866
7658416
7635366
7666446
7680926
7692866
7666896
7665276
7655857
7649365
7670466
7651166
7677526
7670066
7659686
7678046
7636316
7704086
7716746
7707987
7701356
7665766
7666316
7675366
7656966
