7952071
7950601
7946021
7912851
7911381
7902641
7912762
7937641
7924121
7949582
7952821
7950551
7982621
7944522
7932311
7951881
7946682
7944371
7948232
7939641
7921611
7930881
7953762
7938431
7921481
7923382
8011591
7922462
7927761
7930971
7932332
7932001
7915951
7949212
7923481
7922111
7931921
7906552
7917081
7926131
7965202
7996031
7989722
7951491
7960952
7974391
8042922
7995782
8013762
8012771
7976212
7984322
8008871
8041952
8001112
8005741
7965712
7982022
7975851
7988062
7990241
7975492
7972091
7980362
7953911
7973862
7974551
7982301
7986722
8000251
7973192
7999251
7986212
7978352
7981841
7982772
7989581
7986832
8011192
8076142
8001772
8016291
7971422
7998362
7980631
8011342
8079942
8025102
8001711
8007732
7997042
7994161
8001172
8030062
8027862
7972541
7969102
7977871
7992292
7999222
7970841
7975092
7995931
7970392
7960621
7987332
8003122
7957461
8003832
7959631
7947992
7981341
7993332
8011572
8027521
7969262
8000152
7980431
7972282
7986081
7994872
8002262
8001831
7976162
7980871
7979712
7985532
7954741
7964421
7994302
7986372
7976791
7996042
7975542
7984751
7984262
7977081
7994302
7960021
7971302
7958041
7957572
8117792
7992352
7956491
7951881
7969412
7951921
7981952
7949131
