7784534
7718665
7747044
7720144
7767075
7736114
7728954
7732514
7730045
7739604
7738934
7726735
7745574
7751054
7765895
7723784
7702064
7733895
7779844
7779264
7771355
7767804
7747755
7737024
7730224
7746205
7736284
7723554
7835425
7742644
7791105
7716994
7730644
7720824
7733675
7745394
7743204
7732965
7739644
7762064
7781895
7777714
7812785
7745084
7752035
7710514
7704194
7697374
7747975
7758414
7722854
7775045
7728274
7712084
7697714
7694144
7698914
7730325
7751764
7755784
7770975
7748064
7732065
7713634
7751554
7753484
7709595
7715284
7730004
7732914
7724635
7750274
7724204
7744385
7741254
7764864
7721664
7726225
7715924
7738834
7770485
7688224
7767334
7725458
7779810
7707081
7829020
7695431
7728830
7682030
7688870
7660110
7718160
7692410
7685320
7725960
7777141
7700760
7713220
7705430
7720440
7716861
7725640
7747420
7728131
7743970
7757520
7704780
7762891
7736310
7813131
7695600
7707840
7696470
7662780
7665620
7672340
7680490
7706840
7687400
7681940
7679500
7663130
7676900
7669030
7671540
7662190
7642730
7726090
7691110
7683720
7659340
7697290
7672600
7677560
7673750
7678720
7688960
7674660
7664630
7665690
7658340
7698400
7684460
7663350
7671340
7646260
7660190
7721870
7701020
