7751834
7818755
7769244
7765795
7743084
7765494
7731785
7745644
7746064
7721945
7749314
7697214
7699244
7727494
7744555
7740784
7731204
7693034
7727565
7731254
7798605
7798474
7868325
7804945
7762544
7748354
7786225
7805995
7796624
7835425
7818824
7787975
7800005
7782954
7792515
7774934
7773165
7748474
7747414
7741655
7766534
7753794
7764165
7746524
7753684
7744624
7761834
7736875
7758854
7744074
7680204
7669524
7666274
7663734
7679474
7692424
7688554
7679695
7692534
7687014
7689554
7698534
7667194
7650844
7676744
7665764
7670444
7655804
7680274
7662564
7659254
7661084
7673674
7651184
7690404
7678384
7697914
7673674
7733554
7689074
7660804
7662864
7697064
7661424
7676984
7678984
7693794
7702325
7693674
7720304
7730504
7732055
7777324
7787764
7795685
7782775
7773254
7788895
7776304
7781244
7778135
7800485
7762344
7714024
7706804
7739875
7681154
7716454
7681814
7737034
7714174
7728965
7724204
7746634
7723645
7739714
7722724
7730744
7763745
7769604
7756335
7743044
7717914
7741335
7735634
7740464
7731634
7720785
7764284
7752444
7720505
7726674
7724184
7731684
7707415
7732244
7721684
7727794
7727385
7718234
7720114
7709464
7715674
7740965
7721134
7758024
7740575
7741224
7720084
7735834
