7736020
7761400
7718380
7709269
7735750
7813630
7729610
7768460
7749130
7746490
7764500
7724530
7729169
7728270
7727140
7733080
7722619
7722170
7741050
7724720
7742129
7802111
7767400
7751819
7732940
7734100
7746880
7737360
7748859
7750709
7754260
7733520
7743150
7757300
7730259
7743430
7743280
7734270
7723740
7759279
7794941
7813740
7770400
7754830
7787940
7743410
7753149
7792071
7814710
7800770
7756080
7746910
7795670
7787930
7759300
7746930
7740879
7794660
7791280
7802190
7798550
7786750
7798660
7774110
7764300
7774280
7791110
7748660
7779230
7729860
7777110
7744140
7738719
7753870
7770540
7769630
7752660
7753240
7757430
7766990
7715949
7732080
7744870
7727840
7711939
7701720
7765100
7699070
7725859
7751300
7719630
7723790
7723069
7705600
7722530
7718369
7712410
7715350
7731309
7723639
7732860
7715960
7707829
7715300
7711030
7719709
7725300
7710020
7753910
7728599
7721020
7735850
7712740
7721349
7720820
7710570
7717789
7733540
7712520
7732630
7692699
7758410
7739310
7776160
7751460
7739110
7764420
7750029
7771640
7820471
7780660
7752980
7787840
7759990
7783520
7789180
7798380
7761510
7769070
7765030
7729969
7737430
7741550
7775230
7736240
7749300
7717569
7738150
7765030
7723650
