7814060
7828510
7830130
7819791
7813060
7826360
7863550
7845881
7823260
7804290
7806510
7802570
7811871
7814150
7822450
7820260
7797320
7804171
7815630
7827040
7827930
7834471
7815250
7809900
7827530
7808740
7829411
7837580
7851360
7850391
7845200
7853920
7846221
7811980
7829640
7857231
7876990
7827350
7839811
7849380
7836361
7856210
7829940
7832300
7834761
7819830
7830950
7840971
7849720
7849810
7828121
7834930
7835480
7830940
7813660
7812630
7822220
7827830
7812211
7837462
7838588
7851108
7829728
7819748
7820228
7822578
7820737
7808738
7845548
7868648
7849958
7832268
7828848
7851438
7849228
7863678
7849248
7870938
7886729
7792277
7715398
7730068
7725337
7717498
7702807
7679677
7730188
7685228
7685747
7674397
7697538
7704937
7690488
7719017
7718988
7727127
7720598
7708087
7716658
7730807
7717888
7713698
7719687
7707408
7729627
7728658
7729517
7769918
7732198
7768477
7749178
7753138
7729847
7722958
7741277
7758548
7751408
7790798
7791077
7770288
7753458
7769037
7801967
7773938
7807778
7770518
7767907
7747268
7746798
7759357
7752958
7745498
7753097
7743138
7735798
7754197
7766148
7762758
7775357
7768128
7752978
7740047
7750148
7773618
7747477
7764638
7754238
7759018
7749177
7757768
