7696497
7681380
7681389
7684540
7676349
7680090
7690859
7692660
7684769
7688800
7691379
7691550
7717040
7717359
7698810
7718980
7717329
7702310
7698990
7701819
7682420
7696739
7694510
7687169
7680090
7722160
7714599
7728350
7716320
7719679
7721730
7696820
7720180
7733759
7712090
7704760
7714849
7713990
7719450
7751789
7775681
7778480
7762879
7731860
7753630
7771150
7759890
7766030
7775200
7771430
7790220
7781880
7788080
7769920
7767330
7779280
7810620
7861691
7805290
7783610
7785650
7763480
7791730
7744480
7748580
7756020
7778069
7774560
7797081
7788690
7796470
7790560
7800510
7791170
7760780
7742940
7768360
7767530
7787180
7755230
7775690
7771060
7765889
7763429
7755030
7758470
7769410
7746610
7739020
7753870
7816700
7766660
7769590
7767820
7773020
7744880
7737939
7741300
7751110
7769850
7755070
7746220
7765730
7770870
7761690
7765210
7795550
7763820
7781620
7764970
7774210
7763829
7776060
7754250
7760700
7741060
7772380
7772610
7747990
7778860
7759370
7747170
7734259
7749810
7749390
7758270
7742300
7757830
7751600
7761860
7760049
7783401
7793860
7780670
7783800
7754080
7810860
7796170
7818440
7787060
7787930
7770500
7800560
7790850
7772230
7781030
7777860
7780620
7851190
7790550
