7581190
7576829
7622040
7637810
7604640
7587539
7587569
7572920
7611430
7604539
7630930
7625520
7622429
7688211
7625739
7672600
7644260
7631610
7639760
7622009
7610870
7628940
7604649
7644680
7632850
7624739
7626780
7632050
7611000
7624189
7635150
7631800
7600499
7624650
7670470
7622540
7612340
7616859
7653890
7611650
7665430
7639109
7622520
7618680
7633600
7667910
7658369
7618290
7637240
7637260
7662499
7695231
7651129
7656280
7653130
7664140
7719990
7672940
7634010
7629580
7631240
7639269
7637520
7667980
7677820
7661850
7699520
7710650
7671930
7657310
7688300
7729810
7728731
7731660
7707740
7657210
7702530
7738360
7710151
7709910
7712400
7754170
7732231
7701790
7695050
7696780
7686650
7687250
7665950
7679460
7684250
7685750
7685730
7665590
7659430
7687490
7654660
7672530
7645580
7650700
7636959
7653640
7647570
7654280
7647090
7667930
7658210
7656060
7673419
7656479
7656800
7677090
7668900
7664170
7665720
7656170
7666580
7672990
7657460
7654439
7647870
7635760
7682520
7676480
7656600
7667440
7672840
7662930
7672790
7696380
7697230
7693170
7702910
7692530
7668320
7697760
7696820
7688310
7686931
7670829
7661639
7661350
7692470
7760301
7666650
7689200
7641570
7638049
7659480
7646430
