21068179
21289990
20421316
19032419
18646568
17843524
17626033
17573013
17629583
17549612
17475732
17591703
17743504
17575332
17503403
17468962
17501442
17515122
20370096
17899414
17626493
17520873
18112715
17831074
19733513
18356806
17711043
21165250
18438067
17911454
18101675
19798663
19556892
17962075
20423426
20631277
21095389
21964953
19574482
19277921
18134585
18326746
17740853
17576663
18248865
17841334
17723284
17617083
18286586
18301646
21282090
18037675
17695403
21756152
20504197
21569461
22448686
19659132
19332741
18726368
18414837
18146145
18046265
18308236
18312506
18096495
18436437
21939223
19721483
20781378
22977638
22599896
19612192
18066685
18093396
18569377
19005899
19509472
18753348
17666703
19202471
18304736
17976004
18034685
18745688
17960335
17709373
19218141
18333956
17937114
17768104
17914414
17754164
17851954
17736793
17708663
17889224
18585858
19174370
17935404
18217086
21878703
20580767
23321389
22294985
20463827
24309904
19671532
20166195
18425417
18702968
18430387
18890478
17805694
17663453
17489212
17569763
17673903
17549843
17707143
17677963
18068735
17840194
17830484
17948084
17692094
18730308
18081635
17563932
17544893
18689148
18684658
21281640
19226040
18426757
20655167
20374546
21035949
19568322
20353846
19924763
20366006
18951299
18039305
18302346
17728274
17669313
17735933
17648113
17470992
