17866734
17933594
17912674
19012690
18322396
17832684
17903204
18199766
18088995
17948584
17932934
18263516
18595838
19436871
18113036
19455401
22391715
21966784
19506851
21396451
22815687
22291185
22712187
20419706
20518797
20318675
19185620
19790184
20410335
21772153
21656232
23836542
22979118
23123889
20891208
18871609
19632852
22292535
22801917
20047795
19295920
21508591
18619018
18435127
19076930
18689157
18522747
18331816
18020854
19031330
21570351
18853729
22293525
20397736
20929578
19499132
18681538
18991139
18603108
18133675
17909234
18953779
19021070
20606237
18747538
17990035
20784347
18743859
18237135
20783248
19169570
18150156
19175880
18057845
17897194
17868484
17860494
17932324
18113345
17871974
17823854
17836283
18130076
20998339
19099449
22080474
25168289
22840187
22982048
22754137
22020754
21325000
18503257
20153235
19047279
18627747
19151630
19520552
18679368
18523037
18359166
18401257
18462567
18429916
21447931
18785079
18256445
18045434
18274856
18265896
18653628
18566217
18134986
18901809
19829873
19935004
20416306
23398250
19243220
24813677
22795777
23182469
20274326
20257425
21423621
18462086
18006205
17985775
18252346
18420326
18715868
17999885
18051025
18038355
17756043
17764034
17798653
19149181
19068219
17913214
17920614
17917594
18683018
18640768
19287350
18061845
18010175
19328231
18136175
18102515
