17715093
17731052
17631982
17928353
21904744
18297695
20439546
21791754
22890199
21230630
20528467
21477232
18481756
20646258
18500526
17784753
18830908
18764758
17799832
18563937
17877093
18236505
18361006
18070164
17712252
17700312
19146980
18575527
18443256
18030244
17727262
17754183
17735892
17769253
17718522
17748262
17943004
18087804
17799563
17884133
21717933
18778958
23155860
22236276
20581307
21404792
19029249
18558907
18349595
18017034
17701472
17733583
17900533
18005814
17857663
18161684
17922544
17786332
17713352
17760823
18889458
17926354
17855433
18877568
18096674
17921084
18074534
19118169
19509002
20840849
18081814
22312976
19562562
20856118
19232891
20817058
24273856
21717363
20923999
20324635
20657608
18208055
18302705
17839483
17722132
17808613
17860603
17780803
17908363
18123714
18375426
18264125
17831093
17724682
18286266
19162804
20628227
18956109
17843504
20980499
18560827
17991765
18040575
19170270
18482567
18183235
17869434
17796754
18079295
20897618
19033820
20733217
22496606
20892759
19843413
18271476
19419471
18109205
17919005
18037784
18523838
18249875
19735023
18140176
18109185
21009589
18284826
18695108
18802808
19978684
18632298
18428196
17969005
18010524
18391006
18262286
18482727
18500157
18663388
18152085
17810424
17763973
18979040
19695792
18858499
21877863
20868858
20753018
23761141
22348596
