17928879
17719829
17703858
17669889
17665158
17673468
17786749
17739189
17672068
19026304
20034489
18502342
23766305
21705636
20543171
23231073
20797282
21304934
20064639
18163571
19876308
18806023
17838319
18343982
17996439
18217611
18921134
18308431
17867889
17698379
17760279
17913989
17945579
17720029
17674558
17657779
17762718
17766939
17770949
17775969
18132420
18495532
17865869
17902090
18899563
24653110
22036827
20858913
22937931
21712497
20087629
19452476
23021072
20271100
19507846
19378616
19326576
19616347
19658657
19701267
19170895
19099705
19072404
19150445
23058353
21797856
19627757
19275276
20378200
22584520
24820340
22090828
21668766
20895373
19688727
22198728
24125777
27010960
25814794
22777861
24635880
23662854
22006647
22917862
21200324
20480230
20801292
19871649
20224299
20840293
20574911
19768967
20748922
20838283
23279873
21403885
21189644
20906773
20195919
21006363
20746862
20582201
20139220
19705777
19709847
19929729
20420850
25772304
21569606
23840906
24399828
23642285
20504660
20051209
19521427
20912853
21189943
21906268
20418680
21018763
22368239
19851637
19937849
19508026
20372741
21535645
19592887
19094395
19492046
19473396
19184485
19333956
19158825
18977784
18948504
19121505
19082354
20100699
23132533
21728906
24132427
25087791
24467299
23549324
22891262
23905166
20423380
20336480
20601382
20745692
