19609382
18210545
18006504
19499022
18436337
20894988
18984569
18477247
21504251
18566508
18637717
19156750
22397496
19453251
18146376
18157035
17921974
18072785
18100415
17937555
17774873
17818854
17732534
18130065
18355116
21809813
20170585
18316456
21419671
22589096
23454350
19862094
18635547
22329395
18889779
18057325
18520197
17952165
18368896
18903739
18155135
17963745
17821004
17743003
17770384
18660648
18582627
17958044
17837304
17921615
17882864
17800024
17752743
18573107
18791559
17959454
17819884
18462007
18641518
24117903
19168330
22321135
24602486
21524691
23247109
20402406
19469532
18300226
18373397
17819553
17962345
17941174
17822604
17604183
17498562
17684533
17599013
17556443
17449102
17872524
17476952
18026125
17767123
17925295
17676013
19363351
17903534
17577493
19341181
18021385
17683863
17919824
17709873
17874324
18512737
20700448
18260456
18500317
21712692
19807723
19477472
18126785
18613727
17810254
17699103
17719364
17713173
17713774
18015134
17612573
17537333
17552712
18060505
18107425
19125190
18216986
19092180
19413451
17854014
18028015
18123475
18182926
17712373
17876584
17676423
17725334
17614412
17788494
17655993
19048740
19619422
17939384
18800129
22591136
22798237
22891178
20303145
19703083
22183624
22619827
20040944
18268086
25472520
20740147
18442107
18094475
18530047
18774909
19449041
18220206
