17905362
17950112
17891322
17812592
17981282
22231344
18819697
20263844
23207489
20940588
20429715
18375144
18295704
17779002
17787861
17770271
17732991
17839702
17790211
17846592
17968432
17942833
17809961
17773071
17796852
18597465
18480285
17844712
17871622
17818571
17909552
17802622
17893242
17923502
17903832
17843781
17912152
17849752
17926862
20726967
18912077
20640246
25210929
22576696
21262069
19370740
19319109
18681216
18722366
18313074
18265014
18598626
18342004
20667856
23116729
21979283
20647426
19626691
21588781
21142288
18807077
19309139
19309779
18005903
17829441
17815082
17844861
17882762
17863882
17887072
17774291
20773907
19646671
19490590
24402935
22245425
21827192
18843977
18300674
17873651
17799111
17760541
17751811
17822952
17836042
17879561
17912092
17902222
17887652
17917402
17918642
19936883
18528935
18002242
17922642
18009273
18094983
17911952
17845662
17862461
17908462
17868032
17847802
17856221
18211863
22810247
18864337
22029163
22902038
20221084
19481660
18316454
18111783
17880862
17789941
17755591
17730261
18689596
20237094
19634760
18029463
17752621
17751381
17656611
17760871
19271609
18041543
17813112
17869211
17707891
17976313
18102793
17991712
18439715
19599560
18572206
18026813
17712720
19192559
19807172
18200983
21908933
20582786
20910777
19472620
18606786
18398934
17948002
19527061
18583515
