17557297
17523018
17622768
17445298
17500377
19559887
17936359
17487168
17586188
18412001
17966320
18797613
18826184
17733948
18768354
18451911
17734309
17835629
19113145
21435755
18358881
19882918
22293239
20721792
20052979
17864799
18105970
17662439
17587638
17565957
17551628
17905790
18355831
17555008
17525197
17803728
18229911
18607423
19146664
19890878
19535536
19579827
18309001
18438922
17935239
18112661
18361001
18045930
17724129
17590378
17520547
17448418
17949049
21462785
18394282
20248360
22672950
20111089
20706482
19973599
19694807
18100770
18456852
21983407
21565046
24124367
18301081
17793529
20040559
18051260
17992660
18102550
18241901
18766363
19654317
20326460
18623553
18651113
18409181
18203371
18180380
18196461
20712532
20285530
22078438
20755812
19864348
21789386
22901902
23426084
24755729
20487871
20815892
20061439
18020470
18264851
18079630
18244361
18506872
18327641
17722389
17706259
17606998
17668858
17623928
17618118
17722099
18999064
17822229
17724098
17615427
17607869
17647218
18089990
17573058
17599948
17674048
18342312
18394721
19456246
18643793
21770046
19897789
22240688
22367759
21777317
22258249
19740777
19045904
18252991
18331852
17927219
17903699
17793158
17840099
17772049
17643178
17661709
17993969
17973709
17657978
17744169
17977150
20441690
19685138
18968114
17896799
18936784
19513806
18019090
