17754742
17697381
17607190
17714021
17767521
19469790
18211394
17892242
17775951
17778481
17753152
17908742
19211158
17920252
17829192
17999892
17877042
17895362
17980942
21682772
18482695
18514595
17891362
17940202
17996572
19493211
19221558
18186684
20851377
19988102
20309844
21786882
19769051
19479410
19712652
18587125
18005213
18282324
18178513
18296884
19243809
18309924
20296854
20788237
19288019
19365670
18322784
18061602
18764367
19851342
18742846
21148259
19708331
19984263
18246113
18089623
18605676
18521705
17738791
17744941
18361225
22773467
20300984
23625091
21198409
23982713
19353160
19622581
18804216
18313114
17862282
17929242
17834132
17789091
17767131
17941343
17994342
18030583
17935222
17757901
18172793
18373285
17833181
18334745
17667620
17658261
17831502
18283463
18327775
19661511
18144603
18304874
20938757
18607805
22739827
20966798
22037283
23621736
20847342
21579716
20358100
20443821
18368611
18915584
17794809
17868369
17695299
17728038
18494062
17949740
17679818
17725479
18557852
18055870
22050488
21875837
20383100
19400836
18192511
18357361
18962194
18430892
17821189
17813759
17746238
17834439
17696129
17773939
17874109
19205915
19434526
18571312
21578426
20915963
21566215
19382696
18497032
18318641
18211991
18477112
19393416
18103760
18549892
19251345
18095690
18308521
18569933
18264290
17815789
18388962
