1	30
3	48
4	75
6	13
7	20
8	136
9	101
10	24
11	24
12	12
13	24
14	68
15	26
16	85
18	32
19	22
20	20
21	16
23	32
24	94
25	160
26	24
27	8
28	16
29	2
32	193
33	160
35	16
36	4
39	10
40	50
41	2
42	2
43	34
44	38
45	2
46	36
48	45
51	2
53	2
54	2
55	2
56	56
57	2
58	4
60	2
64	97
67	2
70	6
73	28
74	10
77	16
78	8
80	4
82	4
96	2
104	2
112	30
116	10
120	1
128	27
131	1
136	2
148	6
149	2
152	3
156	8
192	2
198	16
212	6
216	8
224	16
240	1
256	1
272	14
280	2
296	2
308	2
311	2
312	3
328	1
368	2
400	2
404	2
408	4
416	2
425	2
432	8
472	1
512	1
544	7
600	2
604	2
624	2
628	2
672	2
792	2
800	4
816	6
847	2
1016	2
1024	2
1072	6
1138	2
1218	2
1224	4
1240	2
1280	2
1584	4
1904	2
2208	2
3632	2
4276	2
6847	2
6870	2
6871	2
6910	2
8192	2
8536	2
16240	2
16384	2
24576	2
32768	20
40960	2
47552	18
49152	2
57344	2
63295	2
65536	2
68489	6
73728	3
82944	2
93312	2
104976	2
118098	2
132860	2
149467	2
168150	2
189168	2
212814	2
239415	2
269341	2
303008	2
340884	2
383494	2
431430	2
485358	2
546027	2
614280	2
691065	2
777448	2
874629	2
983957	2
1106951	2
1245319	2
1400983	2
1576105	2
1773118	2
1994757	2
2244101	2
2524613	2
2840189	2
3195212	2
3594613	2
4043939	2
4226429	1
4549431	2
