609734
615495
610624
604444
607184
627195
609294
606964
602345
606824
602314
607884
607495
597994
605584
603974
609974
607835
602414
605814
603994
600245
604914
598634
607614
607935
598814
605264
601704
604014
603505
597954
604364
600404
613404
606105
599324
608554
601394
607005
605924
602214
606134
600575
609074
608834
601484
606865
603564
606044
604944
597824
604985
597664
607784
605734
599135
606194
601124
607424
606324
600795
606284
599694
606534
605475
597394
607064
609534
600894
605885
598504
604514
605564
602875
606714
599424
607074
606475
599124
604234
599904
607934
605375
597094
606614
598754
609934
609365
597414
604274
598014
605745
606224
601894
604694
596915
605494
605274
599024
606504
603755
606594
606874
599084
605904
597785
608394
606004
600314
635655
598914
603734
605764
602045
605534
603774
596114
606925
600174
606384
608134
598454
605165
598124
604574
606414
603035
604874
599014
604704
605585
598474
606464
601774
606274
605845
600354
605084
596044
606814
606965
598694
632394
599544
604705
606504
602284
606014
601195
605384
604614
599574
607655
603554
606394
606744
598844
605795
597534
607184
604854
599405
606214
603754
624264
605125
601244
606764
607464
598704
605145
597914
605644
605274
597345
605624
598384
604444
604984
603825
605874
601684
607344
604415
595744
604694
602354
603994
605905
598834
607044
598684
609305
604154
598744
605764
599214
604015
602664
602614
607804
597564
606685
604124
595814
603484
601325
607774
631904
597114
602875
606654
603644
607014
598285
606074
602624
598774
604614
599175
603794
606634
597344
604674
596265
605234
618484
598484
603505
596524
604344
604584
603814
607645
597584
602134
603674
596195
603874
598984
605394
606244
599965
606764
623894
606695
601304
596004
604354
598024
605975
606054
602434
605764
598004
605885
604564
599244
606464
602745
604744
603924
598794
604864
597745
611214
604064
597694
605855
605574
597034
605084
607364
605345
606954
599564
606514
597935
605604
608094
624074
604575
597574
605414
606284
602824
604445
598214
603384
603534
598015
605824
602084
604584
603974
597635
604964
598044
609784
605345
601254
606974
596964
604194
603715
600644
604664
597974
608295
608144
599024
606224
636515
599294
606194
599734
606935
606584
601024
605544
597704
605465
607354
596704
608404
603985
603474
602634
624124
605935
600094
612174
604454
595544
603485
597324
607394
606504
606095
604344
596804
603854
604074
598345
605434
599674
604014
603715
596294
605274
596494
608974
602695
594914
605064
597534
603934
602745
600134
604424
597174
603604
604145
600034
609564
604004
604205
603924
596984
606064
598194
613905
604424
596704
605544
606055
596724
604234
602664
605884
605965
598684
604854
598674
637565
606544
597054
607164
598945
604464
605114
598524
603564
596555
604794
606164
598544
605955
601954
604464
603774
597634
605055
598544
606514
604674
597524
606965
626134
634715
605214
603284
605944
606094
595995
605524
598104
608114
609795
596934
603294
623654
606775
606984
603514
609394
599325
606314
605234
595944
602324
600925
604884
607674
598344
606825
597154
606714
605174
599214
605255
596654
604294
604834
602284
605115
598824
605074
605694
598745
604794
601024
604244
604004
595045
601084
597114
606764
604034
597535
602874
598004
603514
605004
602165
604624
597594
605064
605475
597914
602864
607564
600374
605115
599224
604014
633285
629464
632994
602635
608074
605764
599774
604214
606115
605904
606474
597644
604415
598104
608004
604904
596784
606535
600404
605894
606074
602455
606544
599834
605864
606535
597984
604574
608874
597864
602525
594834
602384
602294
600524
605935
598554
607214
605264
596954
605645
600944
606784
607584
595835
605584
596584
610864
607535
600014
606204
625184
606455
605994
602724
606304
599364
606455
606914
599024
602954
600425
606704
605174
596964
607355
600424
608764
605474
599034
606705
599914
606174
604034
599964
608665
597724
606554
604074
597245
605064
608724
599404
605725
596314
605834
605634
601804
605635
598664
606674
634654
598165
604664
600634
603414
605785
600904
606894
599854
614054
606235
600364
607604
599434
604245
605054
600144
605674
625385
604684
607344
601314
605625
600054
604504
604914
597734
605115
607164
602314
605974
596885
604514
605584
599464
606154
604265
606264
606504
595764
605665
596544
605124
611194
598775
615844
599894
604644
603564
599155
605234
599654
604064
604774
598915
606174
604304
605624
605995
597524
605134
624544
609365
603464
597274
603944
596944
605985
606004
603044
605024
597775
603304
604304
598904
604404
601825
606764
604934
598284
605835
605124
598714
601514
595384
605255
603174
597364
606324
602685
603894
602334
597344
605264
597034
604455
608104
597324
605454
598415
605244
606184
631575
603404
596574
604014
604644
597915
605304
602364
604844
606625
598374
606174
596394
612714
605435
598064
605404
597254
606814
603675
601514
607624
597814
604885
604744
628304
608424
600635
604784
630574
598785
632854
606124
601864
633075
599454
606844
632115
597084
605044
600744
604054
603795
598064
603754
597744
608425
604374
596504
606674
599434
606575
605464
599824
605414
597224
604245
604894
597734
604264
611915
596694
604744
598264
604074
604035
600694
605044
598674
604265
604454
595934
605844
603614
609405
607324
599554
607524
626315
608474
605194
596984
603745
596794
605424
604534
603255
606534
598944
606634
603864
597015
603054
607854
605684
605264
599635
602124
597074
609984
606815
598964
605164
597504
606934
605965
602494
614554
600084
604185
603984
597454
607324
609655
597744
603284
597824
604874
604975
600984
606004
598814
604875
607734
599194
603034
600804
604405
605124
596324
602584
597324
609565
635384
598264
604465
598354
606214
604974
600984
605755
601454
604214
604364
598614
605955
602814
604904
604424
595765
603644
595684
606054
603494
596715
604794
597424
602784
604654
602035
604424
598134
604574
605415
598914
607034
602454
603754
604315
598754
606324
597614
606564
602885
623774
606264
605205
600994
603964
599524
604094
604995
597764
604184
597524
607114
605875
599484
607854
600484
606445
605454
600304
602724
625335
605224
605404
596774
605685
603584
607204
608414
596594
604365
597374
609434
607024
597255
605664
597184
605254
603894
603165
606344
597954
605724
604565
597514
603554
633814
596135
604964
598914
607704
605154
600585
605924
597014
605414
603715
596984
605774
601724
606234
606505
598304
604924
598944
609775
604104
596774
606464
600164
608745
608924
601524
604494
598965
605444
604474
597914
605224
601835
604714
606154
598084
605074
597835
607864
603744
598724
602805
599154
603234
605024
600984
605325
598414
606534
606524
599615
632584
607784
598214
605635
599754
604234
604414
599234
602925
598234
606524
603064
595564
604335
600484
604354
606504
597845
604584
600354
608874
606185
597434
605834
597034
605694
606065
602694
604864
598514
602804
603435
595704
604734
602944
607645
607274
597424
604364
598984
610075
605904
598174
603954
599914
609995
606584
603324
607005
598784
605804
605884
599384
604695
601184
605364
603894
598414
606105
634784
629415
606164
597754
605344
604444
598995
605844
603414
606544
608045
599274
609174
598464
612144
604385
597034
603714
599014
606345
603354
599854
609084
603635
604564
604914
597734
605474
603785
606924
605554
597964
632455
602844
602794
605764
600345
605044
604864
596834
605304
601125
603964
603554
597134
604545
598504
605484
607424
593834
604155
599174
603934
606504
629675
603634
596424
603224
605204
596785
604414
601454
605124
603984
597925
604854
598224
608414
607325
597634
607344
598904
602725
604244
601234
605514
600194
606305
608054
598264
605204
603584
606485
606334
600274
605494
599005
608404
607234
598364
607115
606074
597324
605254
603964
606835
605464
594344
602254
597194
602215
637254
598894
619705
598294
602944
602624
600655
602614
596594
604844
606044
598055
1079467
607144
598364
606575
607454
600014
606804
633425
602474
607014
600065
605814
605524
602514
606454
599675
607824
607614
600564
605765
603784
608634
609224
603375
607304
600054
609404
605745
600284
605024
597694
606454
606555
602134
603514
598204
609245
604894
599404
607644
603404
604645
606094
597584
605654
604795
601884
605204
599604
604644
606205
598794
605044
602174
607245
606314
598644
606854
598694
635365
607204
600064
605615
600664
605794
607594
604064
606055
599674
606794
605704
597605
605814
610834
608014
607265
601534
603964
598714
609175
605884
599664
606994
599794
605775
604794
602834
605364
607425
599974
607114
598154
609374
608205
597724
607064
599254
609425
604674
602344
605384
598864
606255
607294
598804
606424
600775
604114
605414
599774
606315
599394
612744
608364
602644
606325
598884
609194
606484
602755
606304
598324
603474
604354
597085
607444
602074
606664
604635
598604
607374
599334
611314
605925
600654
608754
606994
599045
605604
601574
605684
604745
598334
603074
597634
607634
608785
599084
608154
600624
606655
605134
600214
605864
598214
605305
604834
596364
605474
603044
605035
631694
598774
606575
599284
608644
603624
598574
606945
600494
605814
605214
606665
608274
600194
605544
605245
600464
607564
609264
600214
606365
600134
606224
607464
603795
606334
598814
606514
634365
601544
605144
601374
605005
604264
626104
605564
625235
609244
607224
600685
604924
598544
607934
605354
601265
605924
599874
606164
605845
598514
603354
606014
599644
604975
599974
607924
605754
601235
606574
599174
606404
606275
626374
630924
601585
606454
606964
599084
606794
600365
611734
604374
599494
604955
597444
605374
605224
602714
604685
599754
632824
605215
598354
605574
608664
598914
606515
600144
605664
606114
603655
605854
599204
602594
604924
599725
606144
603264
605264
603995
598694
606794
599114
607714
605295
597764
601464
599794
606134
603215
600664
604604
596254
601794
631205
597734
605004
603615
605344
605344
599444
606975
598434
608704
605814
598034
605685
598804
604694
602804
601684
603905
597654
603994
603874
598074
604915
606444
597074
602704
598785
604274
605984
601674
604904
595655
603094
604674
598024
605335
601104
604154
603844
597094
605975
599264
605104
627444
597645
604674
599564
605034
605014
601465
604524
597194
603314
602854
596735
604104
604394
634965
605024
598894
605434
598594
609155
604834
600544
607974
602575
609024
605654
603194
612215
605484
599524
607904
600234
607365
610944
599664
607964
599845
605414
604034
600414
608425
601614
606884
606054
597495
603764
604304
606674
609724
603475
604734
599174
610504
606445
599134
605304
597804
603964
605055
604084
605974
598284
604265
606114
598424
605964
603774
607555
605464
599964
604874
598945
609174
605294
600974
606855
605044
598014
604344
601244
606035
606604
599814
604774
598734
603045
610554
601444
616144
598675
605294
605234
605544
606245
597954
605394
604224
599874
604205
602534
605344
608384
602495
605074
597704
609394
607885
596824
605644
600344
604584
605625
602194
606654
598804
602844
604215
598314
607374
603414
607345
606524
597664
604244
629725
600534
604304
597624
606875
605594
599624
607244
601854
606145
608464
602474
602934
597525
604404
605084
598404
607634
599525
605084
604834
604944
610505
598154
607974
605014
597574
604515
603484
608664
608994
600845
603964
598334
607504
607455
598364
606204
598424
631565
604944
603204
605684
596615
605174
603224
597724
604704
608765
599314
604534
597854
606044
605175
609064
606284
597974
605625
606094
600624
607784
607234
606875
632724
599544
608045
601634
611354
603584
598605
604694
598234
604414
605114
602065
606584
599514
606674
605585
598354
605014
636674
598555
607884
601874
606554
606995
600874
605894
598904
604554
604765
597264
603354
601924
604615
605564
598244
603904
598844
608785
609174
600374
608354
598685
605354
605214
603554
605294
599165
605674
606814
599064
605685
602324
606014
635144
599775
606074
603324
607714
606165
597434
606714
600714
607995
607924
603014
605144
605304
597735
606184
599274
605834
608645
598524
605934
598844
606214
604055
601314
604464
598534
605964
606815
600044
605404
600884
604405
606164
599384
607614
626745
607184
605734
598624
606785
597604
605884
607154
601424
606755
599194
609324
606814
600405
606124
604474
605804
607495
599274
607764
605874
602334
605065
626594
606774
604435
595624
607014
601544
605214
605505
597824
604844
598344
611295
607664
598014
605564
599494
633085
605284
601624
605865
597064
608044
606544
598824
604775
603974
605044
604014
596945
605334
600444
611414
605334
598585
608024
607494
598304
604215
600824
603344
602324
596594
605425
598384
605614
610804
599795
632884
597024
605624
605215
601804
606874
597434
606984
602555
597304
606354
604304
607965
607864
599064
635235
599834
637904
607344
597805
603804
604114
598964
607754
600635
604064
605294
600054
603925
598554
604614
607234
598684
606605
596004
603574
606254
601285
606704
597144
604894
604084
597195
606794
631524
605845
604894
599054
606544
599464
609945
607284
598534
606274
598894
604475
605584
603124
608454
598775
605934
607124
600784
606015
599964
605674
604794
597534
606525
599584
612104
606684
598935
604624
604754
600824
607374
602735
609324
606444
600504
603965
596544
607954
607744
600115
605104
597654
603414
606654
603335
606764
599444
605524
605925
597794
606004
602114
607234
605805
598604
607304
597984
610425
606164
600824
606044
598084
604915
605624
602784
630745
599314
608434
607314
601214
604895
605884
597174
602644
596644
605695
604734
601794
606994
599335
604724
603624
598704
604914
600374
605124
604214
597954
603015
595324
609514
607134
598474
604495
596894
605184
605324
605885
607254
599134
606944
605884
595895
602874
599794
604624
605784
597305
604334
597644
606194
605935
597874
604374
595264
603484
604255
599654
602354
596654
608294
606695
598714
604244
601584
604325
603244
597084
605864
596744
607955
605394
598394
606054
598054
608185
605974
601224
605384
605145
599734
605814
597234
604895
608354
598114
605554
597724
606935
603934
601964
605114
597484
603265
606474
599724
604494
600955
605474
605334
598834
603954
597615
605654
602934
598224
610084
600575
609144
608364
603624
606665
598064
603364
605154
597405
606654
