615124
601105
603134
628184
595174
601175
595994
629494
605144
594354
602825
595824
604204
601934
598235
601394
594954
603094
601574
595034
627865
626294
629465
602764
594084
602704
595674
607745
601254
594284
601824
594534
602645
599714
597724
601784
592964
602595
600644
593774
601624
597354
601115
627254
594324
601834
593374
605415
600324
595944
601194
594824
601585
600524
596764
601894
593514
601885
600404
593004
601294
598364
601615
600034
594224
600364
620724
604885
602664
593674
602494
593494
601705
601454
596714
602294
594064
602415
600794
596324
601734
627665
595674
602434
594134
602514
602965
597264
602144
594144
603254
603554
594255
605214
598144
602404
599615
594694
599994
594084
626744
605325
593124
599254
592514
601754
601315
597524
599494
594964
601604
602604
595035
604374
598864
602074
602005
596604
600844
595804
603134
633975
595574
602574
620894
602725
600804
600924
600634
594804
628775
601394
594434
600244
598405
600984
601944
618824
601315
594864
605744
600804
593834
598345
593384
601844
599474
596094
600984
591705
600974
602194
592924
600904
597154
599005
628294
619994
599735
593294
605924
599814
591854
600725
594084
601874
603234
601114
600745
592954
599954
600674
593064
600024
597195
628554
624734
596095
600944
593044
604134
605844
595195
601634
619594
600384
623525
596344
598784
600464
619315
599694
596044
601524
605674
593895
599764
618434
600554
600804
597275
599844
594224
600424
599124
594885
601064
598744
601324
601234
595715
600264
593214
601004
603484
594794
599985
596784
600884
601044
597614
600445
620404
603234
599894
594325
599964
597444
600744
599014
592985
599394
591604
600974
604474
595564
600245
592584
625104
599494
598025
602094
593874
601534
601824
593114
599085
596694
600414
599284
618405
602174
591764
601924
606264
593594
600545
592124
603854
601444
597044
601725
595974
601784
600254
592584
603225
596034
601804
599624
593844
627555
593384
603974
613954
592965
600024
592814
600004
600894
597444
601735
593824
603534
600614
594074
599855
596164
602554
602034
621435
601814
592914
601064
603444
618935
603354
593574
601974
600674
597245
601044
592244
602404
599504
593045
603454
597734
600984
601464
592625
604464
592404
620644
603854
594945
601984
593954
601634
602365
597634
600054
593274
602124
601254
593695
602814
600964
600394
601564
593655
601714
593374
604464
601444
593274
601965
595564
601654
601874
627825
603714
593664
601714
603004
594485
600424
598674
603524
603724
595545
608054
594674
605524
605655
595004
601514
593494
602254
602154
599315
601904
618084
601874
601595
595034
602764
598654
600514
602865
595154
602574
592054
605284
600955
595084
603044
593134
602814
601145
597644
602724
592604
603094
600624
594545
604194
597454
628824
601335
593984
601734
593584
606574
603145
594574
602364
619274
602815
600844
598144
602324
593174
602885
602304
594474
603014
596724
602535
601234
593234
602384
593984
604095
601494
596024
629304
595114
603245
627324
623724
602225
603594
593884
604044
593974
602795
608254
619684
601254
593625
603044
601434
600854
602614
594865
603164
600264
594564
601404
597435
604734
603384
594864
603064
595625
601894
608114
596354
601884
594325
602844
604264
596624
601414
594015
600994
600114
594264
602144
596684
600275
601814
594804
600574
592214
599905
603484
593294
624754
595245
600364
599084
597154
602924
594794
601265
600764
594954
602124
597924
602995
601634
595794
601734
593264
600315
607734
593214
604374
593944
600405
605554
600214
602184
592974
624095
600054
594054
603924
597564
628755
601814
593744
601024
593325
603644
602464
592624
603154
594615
600154
602894
599854
603544
592685
602344
602204
595074
605034
624835
601504
600054
594254
602565
592684
605914
601604
593134
603385
594314
600634
602074
598224
602745
596724
600854
600814
592824
603364
596565
601184
601484
594774
601944
593365
606774
604824
594484
600324
594695
603794
601354
597824
603134
594095
603084
599664
593384
600584
595784
602895
602594
592514
600264
594384
604665
605034
594564
602674
594144
601885
602914
598854
602044
593524
601485
602334
593464
628044
600435
603794
600264
593374
601244
593965
603614
602934
593654
601304
592405
599844
600614
600344
603374
594204
599655
627874
593684
598074
597245
601924
626934
594104
603965
593634
605504
601264
593054
600085
594364
627534
601074
597414
600995
592224
599194
601324
593644
600895
598584
602444
601904
592234
598914
620655
604944
600934
593554
599435
593804
600634
599724
596464
601174
594105
603274
600714
594204
599264
598355
601394
599964
593544
599284
591745
605104
599514
595864
601634
593615
601714
600494
597524
600314
621115
600324
601144
621334
602395
597734
629064
600014
619915
609524
602734
597174
603275
595944
601164
600104
618765
603634
600484
601474
602414
594195
600664
593114
602124
603794
593363
603904
594953
601113
602153
599403
601743
595374
605373
605173
595643
600563
598353
600474
599783
596243
602693
592893
599993
604014
594593
600943
594413
600983
602073
599013
602044
594713
603303
600523
591083
599613
597433
628864
601073
593003
602263
593563
599883
604814
594923
600403
594953
602223
601563
600454
601563
594593
601453
601133
595553
601413
598974
603863
603623
595683
600653
593883
600544
607363
597323
627463
594953
601904
606743
600183
602513
594273
602863
602794
593533
600243
599033
602763
601863
594773
601734
594433
629493
601593
593793
601434
592803
599673
599763
598313
599803
594063
600754
601123
593023
602783
598013
600683
601643
593294
600773
593223
599493
604463
594753
600933
594254
626073
600103
598513
628574
594883
603703
602023
595203
600983
600464
604073
604093
595643
600883
595083
608623
602244
595153
601173
595123
605843
601153
623414
602373
594673
602473
602693
595773
602094
597193
602413
602473
592673
603643
593724
605073
601673
593563
601513
595053
602213
601064
597713
601813
595243
603913
599453
594683
600934
598703
601363
601893
619833
599044
593303
604253
601593
594003
599333
593514
602473
602383
599053
601663
593803
603653
599544
595313
601883
602143
601863
603393
595784
600073
595523
604833
603703
594443
601294
620693
600523
600653
597543
600873
591774
600363
601223
593413
599183
597153
626194
600393
592393
600473
593133
603493
598903
593254
599783
591733
600253
599383
596813
598843
617834
600193
600543
593803
599933
597663
601724
602073
593033
601673
596093
605213
600663
620464
628353
593643
600763
601994
599023
602933
592963
603083
601313
594663
601414
597773
602313
602223
597383
600763
594454
604083
601373
595453
601443
592723
604094
601513
596693
601713
593173
628043
599954
593563
599623
597593
625533
601333
595784
602923
599763
597473
599933
592663
602353
600594
594183
601823
599253
601193
599053
595014
601023
593153
600583
604803
595993
601324
595013
603023
594243
606563
601253
593333
602174
595613
603703
601123
597333
601113
592313
600674
600213
592563
602723
598383
601363
600704
593803
600523
593903
606843
603133
595763
601244
593813
600103
601273
620403
602173
627214
619383
599433
593863
601214
604813
593543
599653
593303
601373
599673
596374
601143
593173
600113
602873
594473
600553
596424
601863
601063
620423
601263
593923
602004
607063
593973
603383
594193
603033
602444
606623
604373
595843
603483
603084
620433
599653
597553
603953
601003
592124
602413
595333
610953
601033
595183
603353
621804
626723
601983
599713
602814
595393
604783
601503
594553
603083
602173
603734
602923
593923
603123
595163
604753
600904
591913
602423
593693
601363
600993
624524
602403
594233
604553
626873
593654
600403
598903
601003
601163
619833
600264
593123
603933
599723
594023
602503
626414
594493
601333
595843
601743
599793
595674
602363
595213
600713
603663
593443
600653
593624
601333
599023
599153
601453
594243
626414
629133
593443
600043
596613
601014
600163
594663
601353
593653
601533
604124
593653
602403
594183
602443
601543
597833
601944
594153
600243
600613
593963
599723
598663
602204
600863
593273
600853
594673
600723
603244
593533
601013
595333
600083
602223
598003
601754
593893
600093
600293
595043
600323
598263
598854
627033
592923
600203
594413
599394
629313
592923
599713
593543
602503
599524
596773
627863
591093
599543
599473
592993
597424
596603
600273
599793
594143
598663
593464
599363
613483
594943
626553
593413
599254
599913
595393
600113
593803
601863
600083
592574
600953
595183
600503
601043
618743
601264
594193
601433
604463
592483
602683
593154
627773
600193
597053
599123
594143
600554
600343
593743
599173
595853
600523
601073
592184
599783
593053
600823
603253
593093
600793
595144
600053
599203
596553
601063
592193
600684
598573
592083
601473
597973
598313
600013
595874
625373
594523
600273
629713
594084
601433
592963
601373
600453
596973
600514
593613
601303
602093
593513
599363
598543
601724
603123
595143
600473
593713
601953
608313
594474
602593
595453
600733
629733
598464
601433
593483
600653
601083
593813
599693
598454
600703
600743
594493
601743
591763
601343
604344
595713
602173
593333
600343
600533
597544
602963
593243
599133
600343
594033
600223
599064
600873
601593
594323
600443
594003
601733
604514
594733
600413
594583
602483
624033
598494
599163
596913
624783
600974
595303
599633
598643
600493
599973
620834
601933
593553
607813
600643
594543
600523
592734
600443
600333
596373
601033
592473
600553
600144
593583
600613
596673
602533
602523
595054
600533
595083
600073
604313
594703
602353
620624
602843
600733
598243
601873
593663
602444
602133
595723
602993
598573
602623
601384
595563
601203
593103
600863
604723
595704
602763
594453
602993
604033
597643
628144
595613
601763
602443
595583
602813
598803
601334
605273
594493
601833
595483
606523
604724
595103
601823
595653
601943
600723
597634
600713
592933
604463
602413
594623
601164
597853
602563
601373
595913
602163
620444
631463
602613
595693
602443
594604
601553
600113
596653
602203
594103
601073
601724
592853
602153
598563
628253
600403
595284
602063
592773
605573
602483
596673
601634
594603
601733
601283
599053
602553
596954
602583
601903
597613
603213
598493
631564
601703
595103
603233
630393
599334
616253
594703
601473
600213
592963
600234
598853
601873
598983
595483
602823
594263
626864
604893
594153
600743
594263
601774
601253
599283
602353
594753
603573
600504
596223
602023
598753
603433
601673
595113
603874
621103
604083
604073
593843
601374
596283
604753
602923
598863
599693
594313
602294
599423
621843
602283
598563
601114
602033
594343
600743
594383
605873
602793
620184
601073
594713
601853
600243
596933
627144
617263
601993
603023
593853
599094
597783
602653
627133
594933
599864
594003
604013
600243
594083
602273
595544
600183
600243
597003
600493
594303
601383
600034
594823
600433
596423
602493
601403
595273
601044
593333
604973
601713
593523
601983
594984
603153
602553
625623
602983
593283
601694
601673
594513
602603
597833
603213
603424
595633
602103
594523
605373
601083
594014
626623
594633
602993
600683
624584
599633
601253
595563
602423
594193
601633
605244
593083
602073
594923
599683
599873
598893
600754
596553
603203
600923
594403
601753
597154
603183
594893
594033
600763
595683
599714
596513
602203
601913
594123
601333
593593
604224
601783
595353
601753
595163
601433
601203
598824
601953
594963
603663
628693
593134
615593
605523
595143
601153
593783
601424
602133
597593
602453
596443
601723
601924
622493
599603
597993
602373
602113
594074
600973
594103
601373
605643
593713
600694
596173
600403
602263
599433
602433
593413
602654
602103
595673
602033
599383
601273
601264
594003
600893
596793
608923
635103
596264
601423
621233
602373
600683
598744
604083
594323
602883
601663
593443
600084
600613
600293
628733
619853
600114
594453
604703
601193
621783
600633
593844
602823
601413
597613
601013
593583
604413
601374
593713
602243
597173
602173
601613
592794
602493
591803
606533
601963
593413
601014
593773
600993
624113
598213
599823
592673
603034
600423
619793
600493
599533
599754
604133
594223
598953
593253
603613
599884
591433
601903
592083
602223
601023
597753
601354
593023
628013
599893
594433
599623
598584
599913
600443
593243
599773
593213
629754
599703
594053
601383
593343
628143
601124
598623
599563
600363
593293
600153
593984
599933
608023
593743
600263
593533
602043
593213
604344
598893
593283
602393
595223
601583
600734
596943
600693
593513
601383
600693
593354
601653
596963
601493
601063
618673
598874
593813
604983
602733
594133
601473
594024
601683
601993
597973
600763
595783
626914
626523
593273
628933
605754
594383
626843
594473
601653
600713
599804
602343
594173
601373
600843
595933
599943
598284
600643
598713
592643
599043
591803
626644
603113
593813
598963
593123
628023
625174
595933
601003
595683
600643
601104
592963
625963
598153
601823
600603
591543
627024
594743
605583
600863
594423
602534
594303
602703
602563
597073
599353
595633
600184
625903
592123
625203
595773
599954
627083
592233
598733
598193
597123
601424
593723
599543
592513
597933
598663
596833
599954
593823
603843
600973
594823
600623
597404
602233
600153
594143
602313
594403
604024
599153
592733
601173
593483
601693
600493
600613
599124
592873
600343
626503
592733
600044
599193
600793
599513
592093
599433
592133
603744
600483
619903
600603
594163
601553
600304
600643
602773
594393
599453
600933
595473
602444
599553
601113
599583
593183
603753
592564
604003
601193
593433
602643
593623
598893
599884
597323
599483
594263
601093
598953
593963
601424
597643
601813
601103
594893
600033
592704
632633
600093
593103
601653
591283
601544
600083
595303
599033
592883
600393
600453
592384
600193
597233
600823
600023
592963
600494
593623
606183
600923
592673
600883
594073
599994
598003
596043
596863
593833
601333
603393
593254
600383
596943
602653
625813
592683
598354
592103
605133
600493
593643
600213
592443
599754
599593
596453
600283
593983
601353
599763
593604
600413
598803
600243
600673
592753
601024
592323
602243
604063
592893
599323
593653
599814
624963
599203
601653
593653
602543
602454
595003
600463
596723
601483
601683
595414
603113
597103
606133
604443
621314
601333
593033
600733
599643
595293
600133
592933
599884
599653
593803
598623
596153
600253
