595905
597454
594144
590714
599844
593164
591945
590734
585844
592904
585194
594644
591604
584964
594275
585194
593404
594264
589314
592814
584944
594835
584534
591644
591324
585614
590264
583474
592744
594365
590174
592224
587764
591084
590714
583504
595094
584195
593204
586554
591054
592944
586394
592794
585714
596405
594124
585804
592844
585694
590754
589104
587955
592664
584474
592434
589874
585174
594424
592354
592135
582254
593654
589884
584844
596164
593444
594974
594565
586564
591094
585924
595014
593364
586164
593774
584505
592244
613454
586734
591314
584234
590535
584324
592674
589784
590294
590924
585174
593104
592705
585194
589724
588714
592294
591164
582924
590264
582954
590385
587924
593744
593104
584244
590894
582004
595584
591335
584214
592294
586724
588644
591124
586754
592914
585905
592914
591314
585434
590804
586984
596134
586614
594905
594074
586904
591084
588864
594634
592504
585005
593254
585204
590444
595324
610464
592555
584454
591014
591814
587564
592904
585774
591084
582734
592845
591184
586784
595324
584724
592674
590634
583664
588865
583944
589224
589524
584734
593914
583434
591914
607195
588434
588634
584194
591894
585194
596244
594805
583534
617824
586794
592264
593044
588114
592455
584694
591584
617724
583654
592934
591975
592654
592064
588624
592934
587264
591304
588884
590945
592784
585894
593874
585184
594484
594264
584524
590855
583944
594464
596284
594754
592314
584714
593955
593064
584174
592074
590354
592244
585284
592974
592195
585324
591804
587474
591014
592924
586204
593414
585625
596874
595484
583624
594204
585144
591734
591405
590004
592934
590974
596014
584374
591164
591244
587745
593514
589374
596294
592964
584514
594594
590445
591834
589594
586724
590724
587344
619624
596675
587114
595834
588654
593844
585754
601155
591914
584174
590844
583514
592754
593334
591494
592005
585564
592754
592274
582704
592934
587234
590574
592625
585974
590774
585144
592354
589124
593524
593124
585125
593674
584064
595364
590914
588294
594254
587415
595374
592624
588654
591744
584424
594154
595405
589344
594794
590824
592764
584174
592534
593744
584194
589855
590914
616624
593454
584844
591644
585665
597504
594274
587554
591764
585714
596624
593135
587624
595054
590904
592474
587124
593254
592825
590564
594824
587064
592124
591824
588124
593104
590065
592464
617614
584784
592994
588314
596715
595824
586614
592114
583704
592624
594794
589715
593384
585804
591864
585814
594444
592414
590875
591894
585304
591734
591804
609994
593184
590015
592564
593434
585104
590874
588834
594954
595025
584804
591814
586054
593254
585524
595714
592144
586045
591344
585684
592814
592784
591424
593394
585684
595415
593974
586504
593504
591274
591874
594324
589585
594614
587004
616284
597684
586804
594085
588154
593514
587004
604464
596794
587244
593165
584254
594104
593744
621114
594605
589614
594324
592244
586614
619274
591865
594744
593534
586504
613364
585194
599575
595914
585084
592014
585014
591484
593204
591204
592525
609714
595904
593344
586124
593225
593134
596804
586094
595404
595394
587234
592704
590135
592254
591154
586674
593374
587154
594574
593205
585064
591184
586634
593724
593484
588354
592604
586515
591194
583824
592054
592044
591224
592484
587884
595555
593924
585504
590564
589524
594014
594344
584625
594204
586684
593614
597524
585234
592894
586655
593724
584234
597394
593974
608604
594664
587325
593644
591964
586624
591474
583524
590144
591454
585585
592984
590034
593444
594184
586224
592984
586105
593314
590344
592484
593024
585704
591834
584854
594085
613554
587944
593514
587484
592634
616565
588634
590944
583854
594804
593584
588524
594145
588574
593524
591714
587094
594284
586434
595405
589724
589814
594144
583854
593854
591064
599265
593774
585304
594734
585624
594094
589784
588214
592425
585974
593094
591534
585524
590074
588084
591555
588174
592214
594784
583704
593024
592184
592854
592635
585454
593644
585664
595684
592814
585114
593024
586935
594134
594164
589294
591684
589584
593724
583784
591175
592924
590124
597684
586934
594394
592325
586324
593904
594484
593064
589584
583144
591414
585515
594534
596514
583364
589824
583574
592824
584644
595855
592154
585114
593074
584084
593114
591384
590824
592905
584794
592664
593844
588544
593694
588034
591805
591224
586124
592444
584124
595644
590854
615545
595044
587354
592574
585764
599484
593174
586265
592284
586624
592964
593974
586314
592274
585764
594035
591784
585624
595874
591114
591834
585894
594465
593134
585984
595174
589664
595404
595564
589045
592674
587394
594734
590344
583674
593014
582474
590555
590214
587064
593634
585104
593884
587004
591574
591345
591234
596244
586254
591814
589524
584304
594505
587664
590574
594864
589244
592324
585074
594594
600175
584524
592014
584044
589604
585514
597824
593674
586255
594224
583854
594434
595004
592784
592034
585585
592394
590794
583634
591444
588654
592484
590624
585695
591334
585904
592644
589494
592454
593074
585684
591435
584534
595744
590624
584014
589814
583944
592884
595645
591274
591904
586664
592944
584224
591744
592144
588225
590934
584384
593404
592954
585904
595174
588815
592314
593624
584504
590504
587494
596644
597354
585905
594794
586454
591294
586984
595184
592754
587985
595354
586504
594504
593894
589024
590294
583274
593405
591434
585264
589564
587554
590824
590684
586174
592255
585724
591504
589384
592804
594224
586094
593295
584184
594264
591174
586854
589774
582664
593064
592594
590435
593104
585574
594454
585694
590634
592504
588885
594414
583804
590454
593674
584754
591534
587224
592015
593544
584494
591264
583104
593224
593604
583094
591325
583764
594124
586324
595564
591764
584564
591354
584284
593325
591484
588784
590324
585964
594294
592095
588584
592974
585044
592114
584524
590664
592344
585654
592355
588064
591994
591714
585614
592234
586044
594514
593175
584764
593434
584794
591274
592654
585484
592614
583524
592875
585504
592614
592594
586994
591894
588785
592214
593994
586134
591864
588774
593404
591144
586544
592605
584954
592484
596604
585034
590954
584634
594405
584904
592194
593544
586774
594994
586164
591544
591865
587374
591214
582934
591614
616594
584384
590135
592204
594354
592154
582264
591194
582264
590584
587175
591384
594664
587684
593484
585054
593914
593055
583104
616394
586844
592874
590454
585384
590474
587175
592634
585164
589754
592484
611324
592185
587564
592804
590504
585124
594164
591014
591754
591235
583144
590714
585874
593024
601334
589334
594225
584984
592284
590814
588474
593474
584314
591354
584354
591975
591914
588424
591964
584884
593904
594385
586154
592954
592894
596464
592584
585124
592994
585184
594205
585374
591724
591444
585924
593544
582634
594675
593764
584724
591054
583734
593824
594194
586894
593185
584424
591664
592994
585254
591324
587214
594754
585635
593914
591254
582744
591544
588874
593724
590124
585015
592994
586104
594824
592964
585064
592374
584774
592835
590784
589024
591434
609884
591644
583935
589554
589134
590114
593064
584834
592154
593474
585944
594815
588144
593084
592934
583954
592184
584474
592985
597174
586964
593084
584934
592724
584924
594494
592605
585114
594364
586344
592614
591724
587614
592565
585834
592874
591304
584254
592644
589494
594754
586915
594654
595354
582444
593464
588334
616535
591614
583404
591514
582984
628414
595804
586725
590784
584304
591814
595584
589914
590744
585394
591135
593074
585794
591084
587264
589964
584604
595345
594344
607634
591714
586894
590914
590784
584795
591184
582604
595764
594824
584904
594354
584284
590985
592644
589424
594574
583904
592514
584864
616215
592474
589024
594294
585124
592154
593184
586465
592504
585544
593864
594684
584694
591684
583634
590245
595914
581984
591104
607274
592454
583554
593805
591844
583114
590114
582864
589604
589864
586924
590745
585004
592314
591524
584674
594564
588014
593494
592444
585375
592494
583444
590024
593014
590774
593584
585914
589165
583554
594554
591804
584974
593054
582004
591314
592365
587604
591474
582004
592764
583654
591284
592934
587245
590064
586694
592304
616564
585454
590034
587045
590224
592764
585104
592144
587004
591574
596854
584805
595554
585944
592114
583074
595324
590384
584424
593435
585034
589504
593204
586354
592494
583114
591784
591095
585584
594144
589774
594264
595474
586484
595435
585494
592774
588044
591964
591124
584444
591504
584124
594405
590524
583654
591974
583724
595594
593084
588915
590344
582464
592044
583874
593694
592544
590324
592585
584084
592524
590984
583444
589304
585894
590684
593625
583504
590174
582914
591754
586524
589584
591274
583244
590104
584825
593844
591124
583864
588084
582274
590714
591534
590575
593004
584334
592124
584924
590794
589684
585364
593435
584634
593014
590904
582884
590134
586904
589014
591664
585635
590054
582604
591484
596824
585734
616364
584005
591164
584294
594774
591694
584714
589494
585534
592955
588914
589904
593544
585464
593904
593414
584035
590894
586134
593844
584744
594684
592194
582714
591975
586304
594934
594944
588884
595804
585434
596235
594754
585914
591864
583764
590654
616334
590575
593884
585254
592214
590604
607904
592764
594115
594584
584984
592014
591064
587644
618225
594614
596384
591064
585714
590634
585264
593395
615144
591384
595094
586704
591074
590625
588794
594504
586584
593964
592434
584454
592995
590134
594484
585774
598284
593934
587624
596854
590955
590644
592894
583254
592924
583534
594474
591394
583655
595014
586224
592034
592064
588424
592824
585765
593384
584124
595214
592194
589264
592474
584814
596635
592994
585634
593314
590054
595544
596084
584085
592104
584644
591034
594834
587304
591934
583334
593885
587554
597794
591964
585094
592344
583034
592944
592435
591314
591834
582624
614884
589214
584394
592215
587774
593174
593714
584204
592384
584744
593185
590564
593434
592744
583114
590554
583724
595964
591294
588995
593294
585574
593404
590244
585904
589894
586655
595844
595234
585524
593854
590224
595444
585174
591175
590494
585074
591034
587674
593504
593924
586975
594374
586584
594314
592774
586974
598014
586904
592325
589544
587594
593314
586124
593504
586544
594975
594154
594514
591814
582224
591194
589654
582844
593735
588784
591634
592874
584804
589944
584314
589924
588894
592325
591784
585454
592424
585294
593864
591324
585035
594494
585904
591344
593214
588314
594434
583274
591885
592374
583994
591184
590694
594784
586294
590934
590085
586614
592614
588464
593134
591674
584094
591744
584155
593064
598864
585124
596034
586694
591434
592195
588124
595114
587754
592374
583264
592484
588864
586075
596614
587684
593144
590094
583474
592474
586934
594095
593184
585364
594354
588434
593444
590654
592485
590594
586654
592574
585204
600464
594844
586755
592474
583784
592284
592034
588044
589434
585154
593035
591034
582994
592234
588334
593814
585044
594244
591095
584234
595594
588734
594274
592964
583234
593204
585024
594635
592264
585234
590244
584424
590974
590114
596375
593654
588394
591194
583524
588474
589794
587984
591615
585664
592054
599064
589064
595104
588194
592535
589854
584634
591904
586124
593924
587564
592884
594275
584374
593844
586324
597894
593554
585644
616825
585534
591634
592404
588004
591984
586804
594095
595074
610124
589534
589874
597664
601345
586734
594214
586904
594084
597754
588024
591485
583644
591274
586964
599024
592214
583364
595045
585694
590104
589324
590844
593014
586654
593784
593155
584824
592054
587444
593604
584684
594554
592194
585115
592544
590454
594414
592034
585224
612974
585195
595774
592914
585324
593764
588464
593094
591825
590314
591554
586984
593234
592864
585954
591324
589195
592024
583244
615264
590504
585794
591514
587975
592674
591534
586464
591714
586144
594454
592295
584344
591324
586364
592354
590454
590224
591484
585095
595464
586684
596104
594314
588384
592154
584065
590804
591184
583724
593044
588874
592664
590084
585394
596255
586414
591924
587944
595474
593384
585194
593435
582054
595124
594904
587674
593794
585024
593155
619714
589254
595444
585634
593174
593115
608804
592724
587564
593764
593134
586194
593185
585874
591444
587694
593434
592114
584544
594324
586135
597394
596074
590204
596134
584354
590214
591575
588064
592694
587174
593834
593434
587004
595175
591884
596584
594504
583934
592954
583154
589544
587805
591774
591854
586094
592134
586454
598394
593024
584295
591254
584974
592594
592304
588874
594104
584955
592114
585614
594814
593754
589014
591954
587304
591075
591724
585254
620204
589904
594154
595385
584734
591364
584934
591364
594214
582854
592844
585425
591944
583364
597074
594494
583494
591864
585124
592635
592774
587464
593764
588064
591744
591164
584734
592655
589384
595144
594884
590404
593614
586614
593235
588664
593244
592024
583174
593304
586154
599524
593475
586034
591464
585184
593324
593494
588734
593305
585314
593204
591984
585684
594464
588434
593575
586764
591724
593134
584764
594584
594834
593284
593145
586794
594674
586174
597234
595004
586594
593795
585294
591664
594294
591744
591694
583534
589164
583435
590244
590414
586274
593214
585244
594174
590654
585235
590884
587324
589474
590494
583084
590604
585054
591194
585595
591104
594854
585574
588564
582244
595594
593334
583705
591254
583114
588554
589954
585404
592124
584394
595215
591554
584024
594244
589504
593094
584094
589774
589565
583954
591164
589644
592784
593074
583264
590404
582124
590315
594554
586224
593174
585284
592724
585254
594875
589414
582634
592994
587104
590274
589144
585884
590254
581995
596474
592634
584874
595814
588534
591264
584004
593095
592684
583944
590224
587654
615164
591674
586295
615374
584114
594334
595584
583674
591115
588024
591444
590114
587004
590824
582934
593124
592995
583974
590674
588434
592224
584154
593144
591924
584324
592995
589524
590964
593264
583854
590564
583684
591614
595545
583534
590434
583954
591554
583804
593234
592784
585545
591004
585984
591484
593754
585824
592904
582064
593365
592084
582754
589554
588564
592754
585384
592724
590834
585645
588574
590924
589424
592194
584974
591014
583454
593125
591794
581354
593264
585174
