602384
590584
592564
595104
587144
594755
590564
596684
599184
588404
596404
586004
595515
585614
596534
596694
587494
596564
588045
594474
593354
586074
594114
586374
599354
598385
588634
604574
590404
596344
596494
588184
596085
583674
594514
596554
586384
594564
589454
593155
587684
598484
596464
589804
593814
586894
594795
595764
591954
593124
588064
595964
594594
585685
594424
594914
596534
598104
589924
596695
590264
595134
599074
588594
596764
588034
592625
593794
590734
598874
588364
597514
592254
590165
589064
593784
597804
590304
593504
599015
596064
599184
598734
599574
597575
592204
596014
588494
597274
592914
587694
595345
586324
595464
595314
592554
594724
591624
596325
597624
590724
597214
593364
598434
595225
588774
596704
592194
602674
595784
598745
599004
590894
597174
590034
600104
595285
588214
596734
592144
596024
595704
600055
596244
590754
596664
597044
590544
595095
592814
596984
596134
588264
597864
589074
595875
598884
588704
594584
589944
595244
595895
594274
598014
589504
620704
597105
587694
597484
592314
595794
591504
598294
595025
588934
596254
591904
592714
593504
587174
595995
584904
597044
593834
612454
595565
593144
596264
595904
589354
593074
586424
593735
595034
588054
596864
591864
606194
596475
589344
593094
588014
592494
589904
595684
591805
585414
614844
590014
599184
592964
587434
594835
587704
598074
595394
590494
595704
587555
593674
596714
590914
598614
591814
598125
600884
588724
597034
591354
600624
608365
590614
593764
587484
594774
583174
599504
592555
585614
591344
582724
593254
591864
585504
592334
585855
594884
592984
609214
588614
586324
593175
594584
585124
593074
585544
590414
586534
593444
590855
582744
589254
583574
596744
590574
585274
592144
583474
588375
588044
588814
593534
583764
589684
592544
585954
592115
589314
595084
580554
587954
589184
582594
591564
623935
626834
590864
582594
616265
581124
592084
589214
582014
589404
586584
587774
591074
584055
588384
580434
589634
578994
589434
587634
582994
586864
579744
587125
589454
580834
589564
583824
586284
580384
586934
588484
581394
587974
584095
587464
589984
581214
589544
580474
589194
589704
580564
585774
580704
588815
581204
593264
614924
582644
590054
580614
589105
587224
584854
587964
584974
588134
591004
582434
587784
583055
588264
580444
590834
587324
580774
588154
584454
589584
586804
580604
588215
579714
590404
585984
588114
588524
580914
589034
581974
592035
587464
580564
586784
579324
589344
589824
583284
603554
580074
592195
580714
590084
591834
585774
590564
581074
590644
589274
581345
613444
583594
589044
587894
579684
588374
579754
587445
583294
588784
589484
581034
588684
580554
593704
588274
583734
588685
579724
588484
579704
593914
589694
579664
590434
581474
589144
588004
584785
590494
579854
590364
588264
580254
588104
585874
586994
579615
588354
586464
581374
588794
583884
585904
586074
582004
586734
580484
586965
583184
592014
586284
580124
587384
581684
592714
588484
581804
588685
580294
587924
578974
589724
589184
580464
590804
583114
587254
589315
584254
589364
579664
587884
588594
580204
586714
583824
589194
580314
588525
587694
579224
588944
587224
590164
587524
581634
591794
581304
591085
682334
581874
590575
583714
589894
592454
591404
591404
584474
593565
583954
591224
589844
588894
591334
585274
594704
592464
580675
592814
589444
615314
588284
582074
590144
584175
591504
596084
583724
590304
583544
591444
581734
596355
591494
582624
594114
584954
599114
588894
585604
589255
581154
588654
588834
584974
589144
588204
590164
582274
588214
588905
581744
589234
589744
590854
591224
582634
590864
584484
591035
601864
584014
588934
583744
589474
582184
593675
589104
581454
613894
582054
590154
590894
587794
589395
582924
589164
589224
581524
589214
587164
591184
616585
582764
588854
583294
590174
586514
589474
591104
586064
592265
585984
592794
590324
583364
589824
584414
589964
589585
589254
591734
607434
590844
581104
590184
591815
586014
592064
582564
590054
590704
582064
589184
587664
588995
590174
582624
589834
581424
590234
586214
589744
587405
582824
591184
581984
594284
591414
582924
590144
585224
591974
592255
587384
588594
581664
590654
582914
587614
589564
587484
591945
583084
592444
593514
584654
591444
587974
589094
588825
582604
591044
583484
591554
586574
592454
590494
582765
590624
582424
597364
593704
581684
589684
583804
591204
590755
586214
590354
583134
593194
582124
590784
590394
585284
588985
581984
591054
590384
582964
614214
590324
589395
589274
583504
592034
583014
590584
593954
613305
589354
582214
591444
583374
593824
588794
581684
591444
584455
596764
592334
590664
591024
582444
591584
589974
582245
590334
614684
591964
609354
582434
591065
581624
591894
587194
592194
589774
581764
613855
583604
595284
588394
583604
589204
581704
589934
591254
586295
592414
582034
590164
583194
590804
590094
589774
592815
584934
592634
590534
583054
592304
588004
591054
589775
583754
590554
584624
590464
588984
590924
591244
584804
591465
583374
595694
591824
583004
589244
584134
592234
595845
585264
593014
586284
591594
590334
583884
590074
587785
594074
583624
596584
592724
586384
590034
586344
589405
589174
582384
590494
582824
589294
593734
585544
590154
586125
590824
580224
594064
590394
584504
587694
581264
591474
588794
585475
590264
582874
588704
589194
583914
592594
589144
591265
607634
588164
588774
580584
590284
586054
591064
592015
584004
594164
584444
591514
597914
583384
589144
580505
592234
586354
596144
590034
580874
588924
582414
588935
589424
583934
588084
582584
590234
588514
580914
590974
585264
590755
581464
613414
612604
581404
590694
582975
590054
588454
582194
590834
581924
588114
615864
581524
589175
581864
588914
591394
588234
593344
584384
588044
582974
590615
590204
583234
589514
581364
601754
591084
583274
595725
587764
589684
591164
583804
592584
582464
590814
587625
590494
591754
584954
593794
584064
591894
588804
581744
590565
580384
591104
588354
584994
588264
581254
591304
582724
589295
589524
607804
589074
581924
592024
588774
581104
588325
585184
588984
591324
582634
588134
581264
589154
584574
587634
588745
582114
588144
580594
588074
592274
583164
589434
581434
589925
581134
594334
588454
581314
590614
581564
588804
589974
583914
588525
579474
587944
587144
581874
591884
584424
588274
579754
586534
589565
580004
586734
582874
587134
586734
579444
588904
580824
587634
585025
590694
587944
580104
587194
581874
593584
590244
582824
589934
580475
587904
584824
583134
585984
580354
588714
577744
586314
586484
585044
586855
580384
589044
590774
578484
588224
583634
585994
582454
589664
589905
580974
586244
584674
587034
587484
580464
586984
579034
585684
583014
587834
587555
581504
588394
579374
593874
589784
581424
611564
579744
588105
585704
585534
590054
579454
588194
579624
588794
587444
583075
588224
579154
586224
585694
577714
585164
584134
586564
580334
590604
587735
579844
589494
581684
586824
589654
579114
588034
578324
586084
582484
586855
588104
578654
587864
579094
591144
589114
578784
587754
580444
587814
586925
605904
586044
580544
589174
581274
587614
587094
584524
590035
580104
586624
589814
579654
587214
605744
588094
587454
581175
587944
579414
585284
585494
587024
589414
580744
588384
579484
588104
590155
580584
587914
579654
586384
581384
590564
584864
580394
587214
578144
585275
586344
584834
585704
577694
585844
580994
587454
586534
583774
587564
580035
588444
586824
580114
587394
581284
587834
579364
586974
587224
578204
585575
585644
586674
587874
579434
586154
578694
587334
587354
585654
586584
582174
589805
578734
590684
587084
578734
587924
579034
586334
586894
584284
586425
578934
585814
580374
585874
588044
584934
586734
577934
586594
585904
578064
587375
582874
586464
579084
585714
585544
580734
585474
582904
586314
587144
579904
586905
578864
588624
582144
586674
587434
579704
587554
579194
587664
591905
579914
587414
579974
587834
578594
590194
585894
579634
586664
579424
586424
586215
586624
585024
580054
588154
580174
585474
587784
585964
586864
579354
586405
610054
582354
584724
586684
586604
584874
581384
587125
578074
590174
584214
588014
584504
578514
588924
579864
587794
590724
580194
588635
582564
608654
577534
591414
591224
579884
586894
580254
587865
586914
585514
589424
604894
586544
585744
582044
586125
587784
627254
649335
608354
608394
591784
602904
593525
585184
588874
581924
588864
588314
589244
587204
582164
588005
580754
587424
589944
585374
591194
582494
587504
588874
578594
587465
585354
590624
579974
590194
591874
581594
588594
587024
588955
589284
581864
588464
582234
590894
593124
580504
589364
579684
589075
579504
592244
590144
580274
588594
577694
585464
587384
582424
586845
579274
585814
579294
587314
586894
584494
587254
579454
587574
586334
578854
586615
585874
584614
576424
584904
586764
579424
585924
583284
587124
586954
581115
588844
581254
586844
589264
578664
585624
578674
586064
580564
591384
585735
579424
587704
579754
585044
611004
580864
587304
579374
587434
578824
587055
586084
582084
584664
581374
586634
587974
579744
588484
583934
588565
581844
587204
587034
577714
587464
584704
587584
588564
580934
584504
578825
588074
585154
586884
587394
580334
586214
579654
588384
587544
579404
587885
580334
588374
585984
584574
585764
579914
585224
580624
587414
585304
583945
586814
578494
588134
588524
578954
584844
584884
585694
578794
586954
587575
580124
585934
581654
586324
586324
578974
586074
579404
585144
583674
585354
585845
579084
585354
580564
589604
588464
578944
587074
580494
586204
580214
588664
585385
578594
585164
579104
585724
585384
582134
590454
578494
585004
578514
586034
587085
582044
586074
579854
585074
584754
578844
584514
580164
585044
578634
585314
585395
579314
583574
580954
584824
586974
578134
585424
579334
584244
582734
587354
586014
581115
588854
580824
587804
587834
579244
586104
578264
586734
580044
590594
584175
578014
584704
581964
587174
585564
582624
584054
577844
584264
576904
587414
584124
583245
584734
578564
584094
584934
579394
583924
584254
587374
580234
585064
583954
578754
584025
583294
588454
586154
578044
583914
579364
587694
584314
582944
586874
580325
585934
578284
587964
587314
576914
585434
579054
586634
580864
591194
586354
579844
584745
579054
586794
583844
581454
586474
579304
584314
578804
587334
586595
580894
582464
578234
585284
585684
578624
584964
582654
583974
579354
585164
583274
579074
585995
581974
584404
587194
578344
583634
578444
585114
580624
586294
584394
577484
609975
577524
588444
586624
579744
586484
580594
584974
579524
587914
589225
577594
586104
578764
585144
584204
614144
584964
578464
585614
585415
578364
584514
582034
584734
577164
587154
585394
577624
583824
582514
584414
593154
579514
587545
578454
585854
585364
586034
585364
578834
583564
580404
586284
588074
579735
587174
578114
584884
578434
590624
585934
576874
584844
580314
584844
585724
580864
585025
580274
586384
577584
585094
584964
582644
587234
579954
584484
585484
578334
585205
582544
583774
577994
584474
584684
578984
584174
583654
585764
586584
578544
584035
576794
582394
580334
583944
587874
585224
585264
578574
586964
590464
579514
590745
576264
584554
579744
590464
585334
579084
586284
579374
588064
584714
579444
584594
579205
585994
580064
586464
585174
603124
584904
578284
584794
584824
577394
586085
581144
584714
577334
586164
585214
602774
586174
581394
585945
584354
579074
584394
578734
586544
581334
585474
585654
579154
584544
578114
586684
587355
578354
585024
577924
585824
577404
587684
585434
580884
586764
577824
586024
584575
581344
586284
579704
586864
577794
583594
585444
580014
584344
577834
608334
584905
578004
614524
583354
584914
585644
578424
587364
577864
586364
581824
584745
584944
578704
583744
577974
586484
588264
576664
585144
577834
584644
581414
592405
585114
577184
586594
577984
584934
585634
580254
584154
576744
584984
578064
584904
585625
581114
585014
576914
583734
583654
579944
586144
581154
584804
577924
583104
585164
579575
584994
582134
583244
584104
578714
584034
577514
585384
583144
584924
604255
600894
584704
577444
584374
586424
576784
582744
578164
584104
577244
589404
584975
601504
584504
578244
585944
584604
580144
584644
575924
584344
578504
583865
585084
581704
583714
575714
582124
585194
577394
586554
579014
584294
575664
584184
585124
577934
584345
580354
586764
583654
579294
585164
577474
586174
583054
585504
584764
578784
583155
578284
582504
592834
580794
584214
577674
586184
578894
591154
584984
575914
587035
604624
609304
585414
581414
587104
576534
586154
580134
584735
584554
583214
585854
577834
587344
586684
579564
584884
582504
589444
579554
585175
585664
577734
585344
580534
584284
582714
577684
585634
576614
586314
583674
584354
583205
577704
586054
576964
588574
584784
578504
586154
578304
585824
578784
589444
585345
578954
583984
578944
586304
585824
583904
586124
579744
584884
603664
586735
585844
581194
587094
579004
586824
585724
579294
582714
580384
583744
577574
585204
584255
576484
584304
582594
584774
587784
578644
583904
578234
583314
581154
584594
585355
600524
581014
577064
586424
586964
578154
583134
577274
584204
577384
590734
588335
577514
587024
579994
587694
586174
581744
585084
579334
584684
578844
585045
587584
581104
583894
577344
585404
606664
577584
582554
581964
584854
586325
579374
584604
577874
585384
580074
586804
608584
579374
584754
578884
584214
589715
577154
585024
578884
585884
577124
588874
585814
577774
584754
578514
585064
585315
583014
585244
576944
588764
577944
587184
584604
580344
584504
578674
586444
586905
577894
584994
581674
587894
578334
585724
585334
577874
585574
582584
583904
584825
577184
584744
580504
586904
585024
584594
584414
577514
583714
577324
583914
590064
577334
584995
578264
583584
578024
592464
584494
578244
584894
577194
585054
586344
582454
585874
576655
585294
577544
586174
583744
579584
585394
578224
583904
608504
577814
584655
582484
584184
578734
588164
585734
577854
586814
583674
584394
607304
579075
585584
576734
584664
581754
584474
