1547898
1559938
1565038
1543158
1559008
1549868
1553329
1546608
1551038
1539388
1622248
1559048
1547638
1550388
1544629
1551687
1543188
1560069
1548408
1557998
1561958
1555078
1555568
1555928
1550118
1548268
1555139
1544198
1562818
1553418
1556458
1550318
1547048
1559048
1549648
1560748
1550518
1554618
1562169
1548338
1551388
1556738
1555868
1551148
1555598
1547658
1557898
1552888
1549279
1556968
1547418
1557748
1550638
1555998
1554558
1555148
1560888
1544078
1552888
1548958
1553078
1704829
1550808
1553529
1551388
1555428
1550928
1561448
1545918
1558698
1549348
1559558
1555158
1555308
1562249
1546408
1550778
1552038
1553608
1551698
1554598
1556318
1555458
1553638
1554348
1558449
1543238
1553158
1549508
1564368
1556408
1548448
1561838
1548758
1557138
1555858
1556539
1559278
1562238
1549918
1549958
1559808
1558008
1555718
1554698
1558509
1550158
1559538
1557628
1545108
1567968
1557068
1557508
1557978
1559858
1554379
1556778
1553448
1551298
1556398
1553398
1555648
1551098
1560808
1546388
1561899
1556378
1550648
1572728
1557298
1556988
1554508
1563378
1559038
1552799
1562698
1561538
1566418
1557338
1560248
1551698
1561718
1564979
1556858
1569068
1550528
1633448
1551849
1567238
1560008
1560498
1567658
1553758
1558058
1557158
1562088
1559149
1561538
1558048
1567048
1557268
1558058
1558758
1550528
1557179
1562508
1555878
1560968
1548058
1557788
1550858
1561718
1554488
1557778
1566069
1547598
1567098
1564568
1555598
1552598
1560238
1556068
1559309
1562538
1555558
1562498
1555468
1563568
1561878
1558308
1554608
1558819
1568818
1548148
1558298
1550688
1558888
1714639
1549438
1562018
1557918
1558069
1554868
1565418
1554448
1562288
1564918
1556018
1559658
1556848
1569709
1556938
1562718
1563338
1545368
1559338
1553018
1563868
1561959
1558788
1554088
1565928
1564398
1557468
1563878
1560108
1559299
1554928
1559348
1551278
1596208
1557868
1555028
1566478
1553309
1562998
1557558
1557548
1563078
1552948
1562368
1557238
1564019
1563498
1558438
1554438
1565808
1560048
1561828
1566018
1553209
1555078
1555408
1558868
1563348
1549318
1561598
1546738
1558278
1558509
1551638
1549468
1558318
1564408
1556468
1562228
1557918
1554968
1553208
1624949
1551438
1562198
1559428
1553408
1564558
1550819
1561808
1555858
1558638
1563528
1554748
1554478
1557278
1559559
1561648
1555768
1553688
1557708
1559638
1559678
1559138
1554018
1570168
1548179
1554718
1557478
1556748
1566168
1555198
1558028
1555658
1566719
1557188
1565748
1558928
1565328
1565488
1563538
1564218
1556149
1574408
1566938
1580858
1571708
1557848
1567529
1549878
1561538
1556968
1559978
1568038
1552468
1566419
1563348
1563968
1554158
1557768
1549978
1570988
1563478
1554528
1566499
1549188
1565508
1551908
1563138
1560718
1550368
1566108
1549929
1559358
1558398
1555058
1559248
1555918
1565898
1555728
1561388
1558348
1560599
1554728
1558908
1553778
1564378
1565478
1552838
1564779
1553928
1553768
1556988
1555408
1556198
1557458
1559018
1552708
1554278
1554018
1557889
1551458
1564818
1550808
1556268
1551598
1553728
1559338
1548648
1557178
1559029
1561458
1561568
1550588
1557828
1557348
1559098
1549488
1554748
1551678
1565219
1560028
1553838
1552678
1558608
1567488
1550468
1569258
1556689
1562488
1566148
1555548
1556278
1558408
1556708
1561158
1559348
1554099
1565918
1555938
1556488
1564958
1552558
1569758
1554498
1561539
1565598
1555388
1562358
1558088
1560538
1559228
1562469
1552707
1566879
1561398
1554808
1557428
1556458
1563068
1559638
1560019
1552628
1573368
1559018
1557388
1568768
1560908
1562839
1573598
1563788
1564768
1553278
1564738
1565778
1559298
1560949
1556568
1557838
1567188
1566168
1561338
1563558
1551728
1571179
1552128
1560198
1559428
1553598
1566508
1559198
1559938
1558748
1560768
1556908
1556858
1565828
1554008
1565818
1558128
1563819
1553658
1565988
1565448
1562588
1567708
1556308
1564049
1556448
1562778
1556298
1564438
1571778
1555348
1559298
1552228
1567859
1567298
1559438
1563208
1554128
1558938
1562168
1561729
1554448
1568118
1554008
1566138
1561378
1554398
1567748
1552108
1559779
