1548158
1546868
1540808
1547778
1542579
1544818
1540118
1542948
1538168
1543408
1541258
1543408
1540198
1543218
1545298
1562198
1544048
1530708
1544478
1544728
1540888
1534438
1550298
1534048
1549358
1541578
1535598
1537268
1533418
1549888
1536938
1547728
1542488
1546528
1537108
1544788
1542018
1544429
1541558
1544688
1549088
1540908
1549128
1536668
1541078
1701429
1541048
1554368
1543978
1543668
1541188
1548228
1541208
1550928
1544328
1553028
1561588
1545828
1548778
1540658
1554439
1540728
1548308
1544478
1542478
1553128
1543098
1546938
1542758
1552408
1545128
1549958
1539158
1553108
1535988
1548758
1544538
1538208
1543278
1543658
1549518
1544618
1547359
1543878
1553158
1544478
1554818
1544288
1543088
1551138
1535548
1546068
1542598
1546398
1548958
1552878
1544018
1546738
1549628
1548318
1547669
1544708
1545098
1534408
1551718
1541778
1545438
1541648
1546818
1550798
1537058
1554538
1543768
1546778
1540028
1547148
1540968
1566338
1541588
1552338
1546059
1538148
1553118
1535508
1549638
1546108
1539608
1544878
1544618
1541298
1548048
1549608
1546048
1545828
1536318
1544408
1539308
1547598
1539168
1548848
1541408
1548188
1540558
1541238
1547768
1545408
1545438
1545249
1543968
1536078
1549208
1545528
1551738
1555178
1540478
1543328
1546588
1545138
1542138
1547038
1539678
1550688
1540098
1542548
1546168
1539988
1546298
1540608
1550288
1545849
1549818
1546988
1546048
1540658
1550898
1544258
1541378
1545258
1540948
1552958
1539178
1548268
1542118
1544078
1556238
1543718
1548158
1550628
1548199
1545618
1542008
1542808
1554398
1540218
1549148
1549318
1540348
1551228
1536588
1552318
1541078
1550128
1543188
1548748
1546928
1551758
1549058
1546748
1550318
1543448
1551768
1543918
1549938
1553368
1551808
1549068
1541898
1545798
1543748
1546588
1549548
1545498
1538898
1561088
1544438
1551829
1550088
1539078
1554888
1543588
1550028
1543808
1556518
1548858
1546608
1541938
1553058
1548798
1548648
1549729
1535428
1554537
1539109
1549098
1543408
1546878
1546858
1549058
1549128
1549368
1549428
1540988
1549458
1546808
1550128
1542488
1558858
1549729
1541638
1553138
1540028
1549048
1548118
1551618
1546598
1548148
1552498
1547688
1544198
1544058
1547758
1547718
1566358
1541438
1550179
1552028
1550188
1557188
1544898
1547808
1545548
1550988
1547908
1554478
1540158
1555828
1539508
1556938
1550518
1546989
1554958
1540538
1554758
1542188
1554758
1544758
1551328
1553048
1546878
1553588
1548418
1550278
1543618
1553768
1539188
1550589
1544698
1550348
1552888
1540888
1549788
1544718
1545768
1550278
1547058
1546378
1553888
1539158
1551058
1551458
1542348
1558979
1538308
1552878
1545078
1549478
1542368
1548538
1547668
1545278
1551448
1549358
1550098
1548438
1555768
1545768
1548948
1552228
1549748
1559868
1542778
1548388
1550658
1555968
1550178
1550138
1545408
1553968
1555088
1546888
1552238
1540358
1547098
1544588
1545028
1540678
1546908
1543178
1556988
1552048
1547358
1550018
1545468
1547688
1535858
1550608
1535858
1561408
1549669
1540548
1556208
1540548
1548938
1547088
1550428
1546028
1553568
1547448
1554618
1553398
1542198
1550428
1535588
1556558
1540948
1549159
1541678
1542588
1569978
1541998
1547248
1541268
1551698
1543588
1549958
1545068
1551798
1547548
1552848
1552438
1542598
1550988
1546249
1545578
1538398
1548258
1540538
1552648
1539588
1554928
1546328
1545518
1549238
1539248
1555238
1544408
1546338
1551478
1549718
1543188
1552839
1544418
1546258
1543508
1547958
1547748
1538578
1558018
1537408
1555798
1548428
1541988
1557938
1544088
1544268
1541958
1546488
1539688
1544968
1537778
1558299
1550668
1543368
1549098
1537398
1559008
1541588
1544888
1552308
1553778
1545758
1549538
1552428
1548358
1555049
1546787
1546829
1540718
1562518
1544698
1552398
1555748
1540298
1553318
1545748
1564438
1549478
1550078
1544528
1546629
1543868
1557248
1552888
1545688
1550688
1547218
1555748
1539228
1551838
1549498
1549598
1551738
1548268
1545458
1545718
1549019
1539728
1548578
1541758
1553998
1545438
1548758
1549818
1547828
1557128
1542768
1547388
1544998
1552868
1543818
