1541738
1539188
1540008
1541338
1546088
1546228
1541328
1532488
1552848
1536548
1544668
1541438
1553868
1545128
1536208
1544068
1551178
1553998
1543789
1547798
1540278
1546698
1538738
1553208
1550818
1538658
1559528
1539478
1546318
1546038
1547258
1543838
1545258
1545478
1560108
1550468
1546729
1547028
1543368
1545008
1539328
1553278
1546548
1552508
1554978
1542228
1547208
1545498
1554128
1556438
1553498
1538358
1553608
1535458
1546809
1543088
1537388
1551278
1543658
1550148
1547948
1550528
1553558
1551888
1542698
1555528
1550298
1547238
1550298
1538868
1557618
1535978
1549288
1551298
1554958
1553818
1540668
1545428
1544608
1548638
1545378
1545898
1542608
1552458
1542938
1553628
1548738
1537228
1548388
1540308
1557349
1548378
1548148
1544908
1546068
1543668
1558638
1546528
1546038
1552058
1543068
1559888
1548188
1549839
1546648
1549698
1556868
1537158
1551268
1547388
1551888
1550588
1548568
1536168
1551738
1542448
1556088
1543988
1541408
1548858
1543638
1550229
1541968
1547648
1544728
1552868
1547398
1557618
1551588
1548488
1552508
1539708
1553388
1544088
1550358
1546528
1552728
1554059
1543408
1551168
1541058
1547108
1545328
1545688
1544508
1554758
1543708
1558048
1550408
1542068
1552508
1543138
1550558
1544128
1545989
1543418
1546218
1538738
1552948
1549078
1548618
1550518
1541148
1553968
1543608
1554958
1546758
1548688
1549238
1542538
1546158
1547378
1551589
1551278
1552358
1540348
1553608
1546268
1558148
1546818
1541368
1555258
1540848
1553948
1545908
1548938
1545728
1551668
1550349
1554758
1556268
1546478
1565818
1546948
1556418
1554118
1550398
1553958
1543928
1552929
1546518
1553338
1543028
1546018
1546648
1550358
1543588
1557078
1547338
1544048
1546318
1540588
1556388
1541538
1550128
1553089
1546208
1549548
1550248
1551878
1547348
1547848
1543298
1546468
1541878
1558358
1542038
1545658
1553638
1545508
1553868
1541058
1543998
1545469
1558548
1549878
1554378
1544718
1557218
1551108
1544648
1550858
1545038
1556288
1542018
1547118
1549298
1548138
1547979
1540358
1546718
1540468
1551368
1557808
1557388
1540608
1554468
1541378
1556378
1549578
1542868
1560408
1542258
1551138
1554889
1550368
1550078
1558448
1547128
1552248
1555288
1546288
1547838
1543438
1556118
1548938
1553229
1550368
1550338
1558988
1542628
1551318
1553648
1545778
1551638
1555068
1540428
1551928
1546308
1548478
1548718
1541689
1559388
1540788
1555798
1547038
1547038
1543628
1543228
1551028
1551288
1548608
1550448
1551198
1547078
1554718
1550918
1556379
1553528
1544398
1558148
1544598
1553288
1547068
1553388
1547338
1552328
1548338
1555138
1550598
1550949
1556658
1544438
1555118
1546238
1552958
1542148
1554298
1560258
1553568
1563398
1556349
1556868
1548418
1560268
1544008
1558478
1557928
1553158
1553448
1550508
1560388
1547268
1554259
1548658
1546348
1554358
1546958
1552258
1544348
1547788
1550768
1549748
1544178
1552888
1539128
1559629
1553177
1547669
1558618
1543588
1555468
1547678
1554348
1548678
1552488
1549618
1547888
1551328
1546518
1550119
1537238
1559788
1546628
1557848
1553378
1545348
1557358
1546158
1555008
1554748
1551758
1548478
1549478
1543958
1548759
1550838
1551718
1556008
1548728
1556548
1539998
1553358
1548538
1550998
1557418
1546958
1551558
1553629
1553868
1551758
1551458
1546368
1566828
1551218
1549948
1555778
1552058
1557638
1548329
1553868
1553228
1554418
1558298
1544088
1550358
1549738
1552648
1549538
1552908
1546358
1557748
1542279
1556298
1553588
1549158
1555218
1544878
1559458
1549278
1550338
1551528
1554408
1554269
1549568
1554128
1552778
1552178
1538858
1557878
1549048
1561888
1565728
1545288
1558998
1547138
1557889
1554048
1548178
1544598
1550438
1555518
1550708
1552378
1544818
1546818
1545028
1547248
1542538
1549638
1551848
1550429
1554608
1550588
1550328
1544948
1554658
1551208
1553978
1544428
1562128
1550208
1551458
1555509
1543937
1556609
1544138
1550468
1552248
1553988
1557538
1547278
1553768
1547148
1555868
1553078
1551859
1545578
1560498
1541848
1556918
1549108
1551488
1557098
1551858
1558748
1554008
1550358
1553699
1552508
