1533428
1553968
1546518
1542698
1546898
1542978
1547588
1535758
1548318
1547148
1544938
1551088
1537728
1541578
1542578
1551048
1548178
1543088
1549709
1553538
1540288
1546688
1548048
1545608
1546938
1534288
1547928
1546988
1548358
1543708
1554778
1542738
1561428
1543668
1551518
1547329
1546678
1554728
1537478
1546128
1547698
1554108
1546278
1549048
1546708
1546658
1545788
1539958
1543948
1542658
1559378
1540058
1545418
1550228
1545249
1559178
1537768
1543008
1543768
1546858
1542268
1541058
1542458
1557238
1544508
1541448
1544308
1539798
1557948
1536528
1543798
1537108
1549718
1546858
1549238
1552599
1547068
1551408
1551618
1553458
1541858
1555008
1538368
1550088
1550038
1553558
1550418
1541068
1548288
1546428
1548658
1547129
1548058
1537218
1563308
1554128
1544438
1550318
1535148
1549618
1541048
1552118
1549878
1547498
1546458
1546258
1546928
1547658
1552718
1541149
1549798
1541188
1553558
1546418
1557568
1547108
1548408
1558038
1544658
1558048
1549318
1549518
1546099
1548858
1542698
1550418
1560748
1548618
1550658
1548628
1562098
1547118
1551038
1551268
1553098
1557129
1551278
1542558
1540648
1547628
1542048
1545758
1546098
1552098
1540768
1555958
1549758
1543348
1551658
1539098
1551128
1546718
1549078
1544098
1556209
1546998
1550788
1545198
1549758
1551158
1543338
1550328
1537888
1552538
1551598
1549678
1552538
1539928
1549048
1543198
1550319
1555118
1549308
1545398
1546548
1537338
1547838
1546508
1538528
1552488
1538848
1551238
1552678
1547688
1541128
1552058
1539318
1554798
1545998
1546239
1552478
1538768
1553268
1541718
1550888
1548498
1557858
1555758
1542898
1547928
1553348
1548978
1546328
1553358
1540268
1556499
1546778
1552288
1551728
1538458
1550318
1538898
1553348
1545978
1551938
1549478
1563068
1552368
1544729
1554638
1552668
1554028
1542938
1563678
1547738
1548638
1544458
1553988
1556818
1546948
1547658
1543778
1549939
1547548
1552628
1541108
1555948
1550528
1548198
1551568
1542358
1555448
1542618
1549668
1548178
1548848
1546278
1552518
1545739
1540968
1554418
1547708
1548438
1542028
1554468
1539168
1548568
1555958
1540488
1551918
1546968
1549208
1548498
1553038
1555238
1549539
1548358
1562128
1549308
1547628
1554468
1544378
1551088
1546178
1551278
1551878
1551198
1557139
1541018
1549578
1544508
1555038
1546078
1552458
1547148
1552068
1544928
1557588
1555418
1541828
1555448
1551188
1553239
1545278
1556528
1557428
1553718
1545278
1551828
1554348
1553078
1550738
1547358
1558158
1541728
1556799
1551528
1540898
1556778
1544658
1552978
1549998
1551298
1544438
1547308
1543238
1559688
1550738
1544659
1549978
1542387
1554389
1547448
1555128
1548878
1550508
1561008
1539608
1548598
1551808
1552508
1551008
1552748
1542199
1554628
1543328
1557818
1550788
1543398
1554128
1542408
1550308
1548188
1548828
1553038
1551808
1552328
1644409
1556768
1550228
1545738
1542248
1556838
1545278
1557119
1551398
1537458
1558788
1549258
1549978
1551178
1557888
1549168
1555188
1552188
1546658
1554458
1551088
1552379
1541318
1556458
1545978
1560438
1553098
1546098
1554438
1544988
1551048
1548678
1560218
1551778
1554099
1557468
1548038
1555738
1550638
1550648
1547758
1561348
1545058
1568318
1554059
1549878
1555948
1551148
1554098
1547548
1554318
1551428
1553788
1555008
1558848
1557278
1549929
1556228
1547758
1562568
1547468
1554518
1551358
1555368
1568608
1549118
1555619
1557378
1557158
1554648
1555098
1543268
1551148
1552198
1554778
1554018
1549678
1554908
1545868
1556019
1707088
1544189
1561928
1549118
1552138
1548028
1553048
1552768
1556038
1551798
1548438
1550168
1550558
1553488
1543769
1558058
1546378
1562398
1555308
1546088
1562888
1545758
1558628
1547848
1555739
1549158
1548038
1552308
1558288
1563088
1663739
1605278
1542768
1556048
1553838
1550688
1552418
1544568
1555178
1548009
1555848
1554978
1553648
1557058
1546108
1554568
1552168
1550158
1546498
1554278
1551248
1559709
1554848
1551898
1555368
1553248
1562098
1549598
1556918
1706519
1549618
1553928
1541108
1559428
1553749
1559748
1556218
1554428
1559608
1554888
1559388
1554508
1561098
