1550418
1548508
1554208
1541178
1548138
1538898
1551018
1560178
1542378
1549118
1535128
1549278
1541378
1543538
1541668
1545938
1547759
1551718
1545848
1543958
1543948
1536548
1553948
1535388
1550618
1550098
1544198
1552108
1539028
1542978
1540088
1548478
1543738
1547758
1535638
1557168
1544268
1551259
1542548
1542408
1549428
1531928
1553218
1541938
1546528
1541438
1541148
1534498
1553108
1549978
1548958
1547698
1537248
1546808
1541458
1548208
1540878
1541008
1541778
1543888
1541708
1547478
1547279
1546878
1548758
1537858
1546588
1537448
1545348
1538298
1546698
1560248
1538968
1550628
1544418
1547318
1543368
1568678
1571099
1560128
1540448
1560228
1548898
1543608
1565128
1545658
1549928
1553728
1560718
1560158
1566539
1557038
1555278
1558458
1549158
1546028
1616928
1594938
1554458
1548558
1556438
1543608
1569098
1570019
1596408
1577458
1560068
1559338
1541128
1542788
1544208
1543948
1539918
1546748
1550148
1582048
1567568
1556908
1550868
1549708
1554408
1550498
1554068
1552129
1544008
1555898
1545188
1545908
1543278
1550988
1543788
1549808
1541198
1551018
1545338
1543368
1553628
1540578
1556408
1549398
1554069
1547718
1552448
1555698
1538358
1549458
1544068
1550588
1547638
1553448
1543468
1548238
1537458
1553248
1548218
1537908
1548678
1539148
1551009
1541508
1549368
1541208
1543518
1536168
1549588
1549508
1550518
1552508
1539508
1548988
1536708
1550668
1543808
1553558
1541898
1545388
1545738
1542918
1547278
1542239
1549538
1537248
1546968
1534348
1554848
1541028
1542988
1547348
1543968
1546308
1544508
1547568
1543258
1549078
1539518
1554448
1540618
1552578
1545968
1540258
1560149
1541418
1544098
1542808
1548528
1548688
1549188
1543098
1547838
1543738
1542078
1554898
1538718
1558378
1541438
1546328
1539098
1542978
1550588
1546978
1555779
1543068
1544438
1538068
1548118
1540858
1546118
1539628
1553468
1557808
1543258
1551288
1546198
1548818
1546788
1546088
1542628
1551758
1536758
1553349
1557238
1547998
1551408
1545898
1553288
1541558
1550138
1554948
1551268
1559728
1543198
1547568
1549138
1544008
1544729
1550728
1542318
1553998
1544448
1554118
1554448
1542028
1556098
1538458
1555378
1545888
1549208
1542778
1547038
1554008
1554889
1549218
1543478
1552338
1547448
1560378
1540398
1551628
1551868
1552258
1553488
1545528
1557198
1544658
1552799
1550548
1546438
1541318
1554858
1543158
1556348
1554988
1545908
1560378
1545228
1550968
1547628
1549799
1549248
1552808
1560988
1547228
1553038
1542508
1556008
1548888
1553018
1544638
1553978
1553448
1549558
1558749
1550688
1551048
1558338
1552688
1549138
1546068
1556398
1550368
1549118
1551808
1558768
1545198
1560279
1540928
1552238
1552188
1555078
1558608
1548778
1554528
1550448
1555308
1553849
1559068
1548808
1557158
1552478
1550258
1551118
1551728
1556428
1537258
1551018
1552578
1550178
1551628
1551239
1551228
1548998
1556388
1551168
1558308
1548628
1557258
1554478
1553568
1553498
1546368
1552749
1546798
1555928
1551518
1554258
1562178
1545978
1563438
1552218
1560868
1549569
1555848
1547138
1551588
1551408
1554398
1555528
1544348
1565768
1555858
1562818
1550118
1550669
1549478
1550368
1552088
1543458
1548228
1540018
1553008
1544508
1555188
1543268
1556388
1550108
1542208
1557749
1550358
1556048
1546058
1552998
1546148
1559788
1559488
1550038
1556458
1553218
1552748
1547159
1555748
1543748
1555678
1546748
1550628
1564428
1546388
1555888
1551758
1554968
1550928
1552558
1544788
1553399
1557308
1543278
1558968
1545718
1558518
1546578
1557548
1551828
1552048
1559169
1552028
1553148
1558058
1550378
1551758
1549428
1543028
1552128
1545958
1551668
1557808
1543298
1558108
1546469
1556188
1550308
1552078
1547028
1550348
1549598
1541098
1552158
1550778
1554318
1543758
1554158
1541438
1552548
1552939
1538568
1553928
1536348
1546778
1549088
1552778
1555458
1546638
1544748
1554778
1557628
1550988
1551009
1543167
1553879
1546818
1555158
1551318
1550628
1558908
1548028
1549368
1551818
1552678
1571088
1556629
1544508
1558718
1559068
1551868
1551038
1548028
1557068
1545248
1558558
1548158
1550398
1557639
