1559058
1545218
1557368
1541699
1551048
1547738
1557378
1556308
1542958
1552608
1547348
1551738
1547688
1554518
1546348
1552248
1555568
1544979
1549608
1537598
1550058
1542408
1549218
1540468
1545138
1541098
1549438
1550038
1559058
1544478
1540388
1551668
1541488
1558658
1538828
1543528
1549909
1540038
1555558
1547568
1548708
1545008
1552178
1545938
1552578
1544638
1544688
1544948
1543188
1547288
1541288
1552918
1543958
1557278
1551419
1550678
1541028
1546548
1546108
1546168
1546988
1541628
1546148
1538338
1553338
1540958
1544188
1544388
1546148
1551758
1539148
1549078
1545188
1544788
1544408
1545819
1537308
1552718
1539968
1550328
1548078
1536728
1551858
1540288
1550238
1544148
1551538
1541718
1554068
1547778
1541898
1545448
1543718
1539558
1541878
1550808
1541208
1551098
1551318
1553808
1557748
1543898
1550558
1545258
1549188
1542278
1548228
1539988
1547938
1540528
1548668
1546818
1541948
1554419
1542738
1546088
1546128
1547628
1551828
1546188
1537528
1551428
1551798
1551198
1555048
1541358
1553748
1544618
1551588
1557258
1552579
1561768
1539988
1552278
1547458
1555558
1544438
1551248
1536558
1549778
1545408
1626779
1585388
1545318
1557478
1540688
1545858
1543968
1548788
1557048
1534598
1549298
1542398
1556199
1546518
1557188
1539658
1557018
1540958
1555278
1549168
1540338
1557138
1544118
1548618
1544928
1551248
1544078
1550959
1553238
1545928
1549028
1546698
1548488
1548668
1554198
1547048
1549248
1550408
1542328
1551818
1548008
1546489
1546268
1554438
1538808
1542608
1544348
1558078
1542798
1552258
1551128
1541878
1553698
1543888
1549928
1550448
1549418
1545068
1552259
1553238
1548268
1547128
1543098
1548848
1541918
1550768
1539378
1544458
1543978
1548248
1559338
1542758
1548408
1542588
1547078
1538518
1555678
1537798
1555458
1535238
1561228
1550638
1552098
1560248
1545378
1544748
1542408
1551148
1551518
1546888
1547508
1632579
1550468
1547418
1549928
1546138
1555138
1541038
1557798
1553318
1542049
1560428
1547138
1551568
1547888
1551348
1550168
1546548
1551988
1548578
1553788
1542398
1552938
1548328
1557149
1543118
1553358
1548228
1549178
1556888
1543308
1551488
1551398
1550578
1546488
1554268
1545338
1559118
1550748
1551059
1554808
1546428
1560458
1544968
1554398
1546708
1550888
1554588
1542088
1556518
1552128
1548409
1555158
1562738
1546378
1561108
1554618
1547088
1550608
1541678
1557148
1545668
1552868
1548428
1553369
1549798
1554948
1556258
1553248
1550328
1548208
1553528
1547638
1567488
1553858
1564179
1553478
1547738
1560268
1548098
1555618
1550548
1556148
1554258
1558818
1556099
1549158
1557198
1554218
1552628
1550538
1555918
1545888
1555898
1555818
1542608
1559458
1541748
1553959
1545018
1552788
1550268
1555218
1555188
1553748
1552298
1562218
1550728
1551208
1555349
1545447
1550189
1546608
1555268
1555028
1545298
1552788
1550458
1557298
1545928
1555888
1551948
1563269
1549328
1552328
1562748
1547078
1561358
1546018
1548788
1551528
1556498
1560678
1545988
1552009
1549038
1560298
1551038
1554338
1545058
1554738
1559458
1560618
1556968
1547269
1628118
1544008
1552738
1569548
1546918
1556128
1542338
1553118
1553179
1554248
1548748
1554758
1544208
1555498
1555998
1554628
1547968
1550178
1557868
1541449
1549268
1546638
1561008
1557738
1547308
1553848
1547978
1558618
1550958
1555118
1540778
1551698
1551728
1550299
1553048
1544888
1558598
1542808
1551518
1547888
1548748
1552148
1552038
1550478
1552348
1555868
1551898
1555699
1549228
1561618
1552398
1559748
1557738
1544198
1561388
1547238
1553399
1550638
1548378
1555908
1555548
1551818
1552988
1558648
1548038
1555788
1550558
1562138
1543528
1556809
1562488
1545438
1560388
1548378
1554478
1549968
1553568
1554428
1559208
1554569
1549938
1550398
1553118
1554068
1549078
1559678
1551178
1558278
1555388
1552818
1559069
1545258
1549058
1551258
1554878
1545888
1551768
1540188
1555988
1556378
1552568
1558838
1546468
1561438
1548039
1555248
1554648
1554828
1565158
1544498
1553938
1553848
1550838
1549638
1553779
1548498
1553848
1554228
1551148
1555688
1550738
1564138
1549468
1555078
