1559559
1548388
1544188
1548368
1560818
1538668
1540898
1538868
1551588
1544458
1530658
1532198
1529258
1534988
1527198
1534638
1524828
1529228
1527298
1537488
1525538
1536648
1530328
1528968
1534008
1526918
1540678
1523938
1535788
1532048
1539678
1528918
1549408
1542068
1534118
1538068
1534558
1530688
1523198
1541138
1527728
1536618
1534368
1535258
1619648
1547028
1522468
1534388
1529658
1522518
1526658
1521688
1524898
1522017
1524058
1526938
1523628
1521978
1523708
1515348
1528348
1516588
1523608
1516158
1524068
1526718
1529488
1518108
1528438
1529918
1519027
1523888
1514158
1527208
1519568
1527668
1526558
1529568
1528508
1526508
1516418
1532958
1519018
1526998
1525658
1523227
1515978
1524848
1531068
1531158
1525068
1520128
1536008
1534958
1548898
1524438
1541488
1534998
1534988
1527088
1533988
1523178
1527828
1530148
1530338
1524278
1515148
1527188
1519068
1530758
1535888
1543598
1523567
1540088
1527978
1528798
1529338
1535758
1522058
1525568
1528008
1516428
1524108
1523468
1523338
1523238
1531638
1514138
1531288
1513398
1526778
1525547
1526118
1524278
1522848
1521278
1529058
1514638
1524638
1523438
1528338
1524848
1519508
1528358
1521078
1518047
1520338
1521848
1517718
1527638
1518508
1527288
1518838
1524718
1517758
1522838
1522398
1533728
1521667
1523438
1522608
1530988
1533098
1520318
1524518
1522988
1523738
1523418
1532628
1519678
1532038
1521358
1522548
1526478
1527038
1525837
1533368
1519828
1536028
1517778
1533388
1521048
1518868
1532088
1520538
1522928
1526158
1526038
1524318
1529028
1519408
1536628
1519568
1528897
1521628
1527118
1526978
1530508
1523868
1530788
1532728
1524198
1525318
1513578
1529138
1523508
1529978
1530888
1526808
1526858
1530058
1523148
1543868
1517827
1522338
1524658
1527588
1527648
1526578
1525828
1526398
1525828
1526368
1527128
1518628
1536288
1517878
1530788
1529778
1521088
1522117
1527848
1524138
1532868
1527208
1537238
1528118
1525078
1532098
1519728
1532158
1524538
1565478
1529108
1535618
1526238
1537158
1517838
1533818
1684359
1528528
1533388
1523058
1528248
1526038
1533258
1677468
1549438
1529418
1524438
1530538
1526398
1536668
1526598
1539178
1525428
1536388
1529498
1530758
1529578
1527268
1523868
1534318
1524368
1531558
1530778
1515918
1533068
1528858
1531038
1525177
1531878
1663279
1576578
1524238
1534458
1528308
1527018
1527328
1525948
1534358
1520438
1534828
1525268
1531408
1528688
1533808
1518608
1530488
1528008
1536098
1530378
1526688
1532828
1522538
1533938
1526227
1527978
1526618
1534348
1528608
1535878
1524638
1534088
1533798
1528738
1526728
1533938
1528258
1536098
1531868
1524428
1532248
1525038
1542388
1521118
1530208
1526598
1534258
1527888
1536298
1525368
1533618
1520717
1535628
1533418
1524188
1531298
1523778
1533348
1530598
1531698
1528978
1528688
1522028
1538398
1520848
1532278
1526238
1527188
1526098
1526158
1534538
1528128
1530548
1525198
1524728
1519047
1535708
1526448
1530248
1528228
1530648
1529128
1529518
1521138
1532638
1524298
1534168
1529708
1527008
1531538
1529428
1528668
1530838
1534568
1528298
1530598
1523048
1536228
1523198
1530318
1526708
1532378
1529288
1530127
1534578
1535328
1528028
1524748
1524978
1518118
1539808
1521198
1528138
1529028
1532868
1528728
1530578
1526378
1533488
1521278
1532728
1533508
1520848
1536068
1524858
1538138
1525307
1528988
1527568
1533758
1526608
1532008
1522558
1531018
1527358
1530168
1529438
1527838
1526228
1525928
1527398
1530718
1527648
1519498
1539348
1533018
1529208
1524648
1529128
1531728
1530908
1526627
1530217
1529538
1536348
1526828
1524728
1535028
1523488
1534668
1534108
1527388
1528238
1527518
1525108
1530898
1523788
1531878
1533028
1529458
1524858
1530028
1530738
1524548
1538428
1529328
1531458
1521308
1534898
1523038
1530067
1531738
1528818
1530448
1536718
1527058
1538808
1531868
1531168
1533818
1531028
1535878
1527678
1533698
1523888
1533788
1530128
1530868
1522348
1530718
1522798
1533058
1529598
1529278
1534128
1525648
1526388
1528168
1530107
1531958
1536398
1523128
1529108
1523528
1529008
1527028
1524348
1533528
