1524158
1527078
1522518
1524978
1518138
1532828
1518118
1524588
1525218
1523308
1521058
1523018
1511747
1529668
1514488
1548018
1528988
1524018
1538218
1516928
1527398
1521698
1524458
1524578
1531408
1530608
1535948
1523088
1533908
1528008
1528148
1522538
1533418
1529208
1523477
1531738
1525928
1533108
1528168
1529668
1525368
1533908
1527798
1539968
1524968
1531968
1520838
1539308
1526408
1535938
1526548
1523848
1529388
1523888
1531138
1525678
1537808
1531088
1531618
1525668
1537828
1521207
1529878
1524058
1529918
1532028
1534468
1526878
1523578
1530028
1526328
1532588
1530778
1610648
1526708
1534648
1528058
1536208
1527778
1533068
1532118
1528868
1534258
1531948
1532638
1534198
1540198
1526998
1530918
1526678
1530908
1526358
1536608
1527658
1534078
1525058
1527818
1536708
1520568
1537708
1527418
1533528
1531028
1532498
1527057
1532748
1522058
1570989
1526588
1540708
1534258
1528678
1538938
1521998
1528477
1531578
1529778
1533098
1535048
1529028
1530218
1529308
1534568
1530818
1530698
1529348
1535118
1532528
1531138
1530168
1531308
1530278
1527818
1534968
1519958
1533188
1531998
1534618
1681829
1525287
1528448
1529148
1531708
1532318
1533488
1522588
1539438
1517528
1528708
1529328
1534808
1528578
1534008
1533278
1532598
1534818
1533258
1530158
1525408
1532728
1527608
1530528
1527528
1529558
1529268
1532658
1530678
1533298
1525358
1532818
1535308
1529878
1536388
1527398
1529727
1531898
1538278
1531798
1536268
1529078
1538918
1525058
1550578
1545698
1530798
1557448
1526588
1532338
1531128
1537198
1534378
1533068
1524468
1535378
1527988
1533648
1529558
1536138
1538758
1521288
1534188
1531118
1537318
1531298
1531118
1529958
1538968
1526748
1537568
1535628
1532658
1537318
1532968
1533598
1531398
1533568
1529608
1537728
1524238
1539018
1524878
1533088
1535438
1531428
1536448
1529708
1526468
1536828
1525608
1537178
1533268
1523888
1536708
1527687
1531798
1535448
1535098
1523598
1531618
1525398
1535408
1525468
1537778
1680089
1524328
1535878
1525088
1533538
1529408
1538068
1522788
1530808
1526978
1539878
1525398
1534978
1532378
1522457
1539728
1527508
1531258
1529538
1534928
1526998
1537058
1525318
1542458
1531438
1530438
1530358
1536468
1539168
1527148
1537318
1538698
1541018
1536288
1532158
1524618
1535808
1521398
1537908
1526558
1530358
1534208
1536048
1537388
1531188
1531218
1531088
1542178
1523368
1532268
1521978
1531188
1526578
1539268
1527868
1541288
1528768
1534278
1533888
1529348
1534108
1534558
1543318
1527588
1537538
1528918
1531548
1535498
1533408
1526537
1531968
1527198
1541958
1535498
1527668
1541628
1522918
1536118
1526928
1531398
1528208
1530508
1526568
1536968
1522388
1534988
1527268
1538298
1537288
1528738
1536298
1531678
1537268
1525818
1534958
1526128
1536608
1527958
1542608
1533478
1532728
1530018
1538418
1530398
1534148
1537688
1535378
1538578
1525058
1542178
1529528
1532268
1531647
1534548
1689819
1534498
1537098
1534198
1535388
1527078
1538548
1525928
1541228
1525898
1537538
1535988
1532518
1541718
1526048
1538848
1530758
1538228
1534448
1537898
1530718
1536958
1533118
1528878
1532578
1535288
1524518
1535618
1534868
1523308
1537888
1532048
1538648
1530598
1536488
1531828
1538958
1531938
1540258
1539678
1533858
1531488
1536618
1534178
1532718
1535908
1528698
1541668
1531298
1538158
1533568
1534828
1531448
1535988
1526158
1542138
1537478
1537098
1540418
1529088
1540718
1529738
1535468
1531078
1540658
1534088
1538578
1531128
1535838
1531008
1532928
1533598
1531658
1537068
1524278
1531228
1531987
1538008
1533088
1538968
1529268
1547098
1529548
1546928
1541128
1530398
1537338
1524488
1537878
1538518
1534658
1532308
1538648
1531268
1539738
1532548
1547298
1537658
1525268
1538948
1528738
1534118
1533678
1539508
1533328
1536838
1532098
1538238
1532608
1540028
1531598
1533668
1538208
1533858
1539328
1528608
1539278
1533318
1535688
1527828
1542538
1525628
1538248
1534368
1539018
1539558
1530818
1529888
1531658
1538558
1536628
1532028
1532388
1537678
1529058
1534918
1531788
1538048
1533608
1536858
1534048
1532168
1541728
